Id,formation,X,Y,Z,geometry
0.0,Neogene_Volcanic,551506.12,2151825.08,1411.98,POINT (551506.12 2151825.08)
0.0,Quaternary_Pyro2,551269.66,2151825.08,2584.21,POINT (551269.66 2151825.08)
0.0,Neogene_Volcanic,551302.5,2151825.08,1409.94,POINT (551302.5 2151825.08)
0.0,Paleogene_Volcanic,551763.36,2151825.08,136.7,POINT (551763.36 2151825.08)
0.0,Paleogene_Volcanic,551374.5,2151825.08,135.84,POINT (551374.5 2151825.08)
,HF,551147.92,2151825.08,2682.0,POINT (551147.92 2151825.08)
0.0,Paleogene_Volcanic,551559.43,2151825.08,136.25,POINT (551559.43 2151825.08)
0.0,Neogene_Volcanic,551173.71,2151825.08,1408.64,POINT (551173.71 2151825.08)
0.0,Paleogene_Volcanic,551374.5,2151825.08,135.84,POINT (551374.5 2151825.08)
,Neogene_Lac,562311.3749000002,2150270.191400001,2588.0,POINT (562311.3749000002 2150270.191400001)
,Neogene_Lac,560808.8783,2150547.5026,2581.0,POINT (560808.8783 2150547.5026)
,Neogene_Lac,564277.7056,2151080.7086999994,2677.0,POINT (564277.7056 2151080.7086999994)
0.0,Neogene_Lac,564411.6,2151825.08,2247.64,POINT (564411.6 2151825.08)
0.0,Neogene_Lac,561018.04,2151825.08,2233.09,POINT (561018.04 2151825.08)
0.0,Neogene_Lac,561289.85,2151825.08,2584.61,POINT (561289.85 2151825.08)
0.0,Neogene_Lac,560783.65,2151825.08,2610.09,POINT (560783.65 2151825.08)
0.0,Paleogene_Volcanic,560130.51,2151825.08,155.23,POINT (560130.51 2151825.08)
0.0,Paleogene_Volcanic,560130.51,2151825.08,155.23,POINT (560130.51 2151825.08)
0.0,Neogene_Volcanic,559729.2,2151825.08,1494.48,POINT (559729.2 2151825.08)
0.0,Neogene_Volcanic,559729.2,2151825.08,1494.48,POINT (559729.2 2151825.08)
0.0,Cretaceous_limestone,559494.18,2151825.08,-1000.0,POINT (559494.18 2151825.08)
0.0,Cretaceous_limestone,559290.06,2151825.08,-1000.0,POINT (559290.06 2151825.08)
0.0,Neogene_Volcanic,558986.83,2151825.08,1487.03,POINT (558986.83 2151825.08)
0.0,Paleogene_Volcanic,559054.88,2151825.08,152.84,POINT (559054.88 2151825.08)
0.0,Neogene_Volcanic,558783.13,2151825.08,1484.99,POINT (558783.13 2151825.08)
,ChF,558648.55,2151825.08,2645.0,POINT (558648.55 2151825.08)
0.0,Paleogene_Volcanic,559258.91,2151825.08,153.3,POINT (559258.91 2151825.08)
,Neogene_Lac,559644.7740000002,2153506.2294999994,2685.0,POINT (559644.7740000002 2153506.2294999994)
0.0,Neogene_Lac,562347.84,2151825.08,2342.89,POINT (562347.84 2151825.08)
0.0,Neogene_Lac,560880.46,2151825.08,2270.13,POINT (560880.46 2151825.08)
0.0,Neogene_Lac,562998.72,2151825.08,2223.83,POINT (562998.72 2151825.08)
0.0,Neogene_Lac,560816.96,2151825.08,2370.67,POINT (560816.96 2151825.08)
0.0,Neogene_Lac,561224.42,2151825.08,2349.5,POINT (561224.42 2151825.08)
0.0,Neogene_Lac,561982.72,2151825.08,2438.14,POINT (561982.72 2151825.08)
0.0,Neogene_Lac,561942.85,2151825.08,2633.66,POINT (561942.85 2151825.08)
,Neogene_Lac,560714.4895000001,2152062.2216,2613.0,POINT (560714.4895000001 2152062.2216)
,Neogene_Lac,561688.6555000003,2152816.998400001,2617.0,POINT (561688.6555000003 2152816.998400001)
,Neogene_Lac,564729.1506000003,2154329.9335,2584.0,POINT (564729.1506000003 2154329.9335)
0.0,Neogene_Volcanic,551173.71,2151825.08,1408.64,POINT (551173.71 2151825.08)
0.0,Cretaceous_limestone,551992.65,2151825.08,-1000.0,POINT (551992.65 2151825.08)
0.0,Cretaceous_limestone,551788.63,2151825.08,-1000.0,POINT (551788.63 2151825.08)
0.0,Quaternary_Pyro2,551694.85,2151825.08,2707.03,POINT (551694.85 2151825.08)
0.0,Quaternary_Pyro2,551076.87,2151825.08,2528.52,POINT (551076.87 2151825.08)
0.0,Quaternary_Pyro2,551486.72,2151825.08,2646.91,POINT (551486.72 2151825.08)
0.0,Quaternary_Pyro2,551486.72,2151825.08,2646.91,POINT (551486.72 2151825.08)
,Quaternary_Pyro2,550855.6637000004,2153151.7151,2744.0,POINT (550855.6637000004 2153151.7151)
,Quaternary_Pyro2,550641.6283999998,2154634.2469999995,2678.0,POINT (550641.6283999998 2154634.2469999995)
,Quaternary_Pyro2,550518.1638000002,2155736.3017999995,2668.0,POINT (550518.1638000002 2155736.3017999995)
,Neogene_Lac,559878.8273,2154413.9536000006,2706.0,POINT (559878.8273 2154413.9536000006)
,Neogene_Lac,558376.0492000002,2156419.8398,2694.0,POINT (558376.0492000002 2156419.8398)
,Neogene_Lac,556471.0454000002,2156546.8401,2625.0,POINT (556471.0454000002 2156546.8401)
,Neogene_Lac,555111.4452,2157435.6994000003,2608.0,POINT (555111.4452 2157435.6994000003)
0.0,Paleogene_Volcanic,556886.36,2157500.75,102.13,POINT (556886.36 2157500.75)
0.0,Neogene_Lac,555068.19,2157500.75,2269.98,POINT (555068.19 2157500.75)
0.0,Paleogene_Volcanic,555074.75,2157500.75,323.46,POINT (555074.75 2157500.75)
0.0,Cretaceous_limestone,556248.02,2157500.75,-1000.0,POINT (556248.02 2157500.75)
0.0,Paleogene_Volcanic,556153.73,2157500.75,102.13,POINT (556153.73 2157500.75)
0.0,Neogene_Lac,557716.91,2157500.75,2286.75,POINT (557716.91 2157500.75)
,Neogene_Lac,563327.0029999996,2155757.8314,2612.0,POINT (563327.0029999996 2155757.8314)
,Neogene_Lac,560980.6785000004,2156191.162799999,2649.0,POINT (560980.6785000004 2156191.162799999)
0.0,Neogene_Volcanic,564692.12,2157500.75,1406.32,POINT (564692.12 2157500.75)
0.0,Neogene_Volcanic,563533.1,2157500.75,1406.32,POINT (563533.1 2157500.75)
0.0,Cretaceous_limestone,564225.11,2157500.75,-1000.0,POINT (564225.11 2157500.75)
0.0,Neogene_Volcanic,564692.12,2157500.75,1406.32,POINT (564692.12 2157500.75)
,ChF,563378.28,2157500.75,2673.0,POINT (563378.28 2157500.75)
0.0,Neogene_Volcanic,563737.17,2157500.75,1406.32,POINT (563737.17 2157500.75)
0.0,Cretaceous_limestone,565580.62,2157500.75,-1000.0,POINT (565580.62 2157500.75)
0.0,Cretaceous_limestone,564021.04,2157500.75,-1000.0,POINT (564021.04 2157500.75)
0.0,Neogene_Volcanic,555009.04,2157500.75,1560.98,POINT (555009.04 2157500.75)
0.0,Neogene_Volcanic,556727.31,2157500.75,1406.32,POINT (556727.31 2157500.75)
0.0,Cretaceous_limestone,556047.7,2157500.75,-1000.0,POINT (556047.7 2157500.75)
0.0,Neogene_Lac,556619.94,2157500.75,2286.75,POINT (556619.94 2157500.75)
0.0,Cretaceous_limestone,555145.03,2157500.75,-1000.0,POINT (555145.03 2157500.75)
0.0,Neogene_Lac,555671.69,2157500.75,2253.22,POINT (555671.69 2157500.75)
0.0,Neogene_Volcanic,556041.65,2157500.75,1406.32,POINT (556041.65 2157500.75)
0.0,Neogene_Lac,555967.53,2157500.75,2268.79,POINT (555967.53 2157500.75)
0.0,Paleogene_Volcanic,555933.97,2157500.75,323.46,POINT (555933.97 2157500.75)
0.0,Neogene_Lac,556308.73,2157500.75,2286.75,POINT (556308.73 2157500.75)
,Neogene_Lac,553359.5392000005,2156695.007099999,2672.0,POINT (553359.5392000005 2156695.007099999)
,Quaternary_Pyro2,553277.6371999998,2157148.1722,2607.0,POINT (553277.6371999998 2157148.1722)
,Neogene_Lac,553277.6371999998,2157148.1722,2607.0,POINT (553277.6371999998 2157148.1722)
0.0,Neogene_Lac,553953.59,2157500.75,2401.26,POINT (553953.59 2157500.75)
0.0,Quaternary_Pyro2,553469.4,2157500.75,2404.05,POINT (553469.4 2157500.75)
0.0,Quaternary_Pyro2,553919.61,2157500.75,2401.45,POINT (553919.61 2157500.75)
0.0,Quaternary_Pyro2,553934.31,2157500.75,2413.28,POINT (553934.31 2157500.75)
0.0,Neogene_Lac,554632.32,2157500.75,2320.27,POINT (554632.32 2157500.75)
0.0,Neogene_Lac,553627.07,2157500.75,2604.9,POINT (553627.07 2157500.75)
,Quaternary_Pyro2,554333.5686999997,2159875.1625999995,2607.0,POINT (554333.5686999997 2159875.1625999995)
0.0,Neogene_Lac,554970.8,2157500.75,2281.22,POINT (554970.8 2157500.75)
0.0,Neogene_Volcanic,555827.62,2157500.75,1560.98,POINT (555827.62 2157500.75)
0.0,HF,555839.38,2157500.75,2592.01,POINT (555839.38 2157500.75)
0.0,Cretaceous_limestone,557020.76,2157500.75,-1000.0,POINT (557020.76 2157500.75)
0.0,Neogene_Lac,559041.26,2157500.75,2320.27,POINT (559041.26 2157500.75)
0.0,Neogene_Lac,555767.69,2157500.75,2258.27,POINT (555767.69 2157500.75)
0.0,Neogene_Lac,559621.91,2157500.75,2681.68,POINT (559621.91 2157500.75)
,Neogene_Lac,558545.3828999996,2158790.5112,2680.0,POINT (558545.3828999996 2158790.5112)
,Quaternary_Pyro2,555090.2681,2158801.807600001,2602.0,POINT (555090.2681 2158801.807600001)
,Neogene_Lac,555755.8836000003,2159889.1553000007,2590.0,POINT (555755.8836000003 2159889.1553000007)
,Quaternary_alluvial,581707.9861000003,2151486.6046,2462.0,POINT (581707.9861000003 2151486.6046)
0.0,Paleogene_Volcanic,582980.09,2151825.08,205.81,POINT (582980.09 2151825.08)
0.0,Neogene_Volcanic,582980.09,2151825.08,1727.74,POINT (582980.09 2151825.08)
0.0,Cretaceous_limestone,582980.09,2151825.08,-1000.0,POINT (582980.09 2151825.08)
0.0,Paleogene_Volcanic,582980.09,2151825.08,205.81,POINT (582980.09 2151825.08)
0.0,Neogene_Volcanic,582980.09,2151825.08,1727.74,POINT (582980.09 2151825.08)
,Quaternary_alluvial,579973.9670000002,2151902.8463000003,2474.0,POINT (579973.9670000002 2151902.8463000003)
0.0,Paleogene_Volcanic,582980.09,2152500.77,205.81,POINT (582980.09 2152500.77)
0.0,Neogene_Volcanic,582980.09,2152500.77,1727.74,POINT (582980.09 2152500.77)
0.0,Neogene_Lac,568496.85,2151825.08,2581.46,POINT (568496.85 2151825.08)
0.0,Neogene_Lac,567023.04,2151825.08,2366.7,POINT (567023.04 2151825.08)
0.0,Neogene_Lac,567919.98,2151825.08,2374.64,POINT (567919.98 2151825.08)
0.0,Neogene_Lac,565737.16,2151825.08,2271.45,POINT (565737.16 2151825.08)
,Neogene_Lac,566911.6717999997,2153592.080600001,2582.0,POINT (566911.6717999997 2153592.080600001)
,Quaternary_alluvial,566194.5892000003,2157303.0355,2581.0,POINT (566194.5892000003 2157303.0355)
,Quaternary_alluvial,571499.4956999999,2157340.0771999992,2558.0,POINT (571499.4956999999 2157340.0771999992)
0.0,Quaternary_alluvial,572074.88,2157500.75,2298.67,POINT (572074.88 2157500.75)
0.0,Quaternary_alluvial,565910.07,2157500.75,2417.73,POINT (565910.07 2157500.75)
0.0,Paleogene_Volcanic,582980.09,2152500.77,205.81,POINT (582980.09 2152500.77)
0.0,Neogene_Volcanic,582980.09,2152500.77,1727.74,POINT (582980.09 2152500.77)
,Quaternary_alluvial,580089.3942999998,2152937.8769000005,2488.0,POINT (580089.3942999998 2152937.8769000005)
,Quaternary_alluvial,581432.1753000002,2154307.6351999994,2450.0,POINT (581432.1753000002 2154307.6351999994)
,Quaternary_alluvial,579536.5571999997,2155424.26,2504.0,POINT (579536.5571999997 2155424.26)
,Quaternary_alluvial,581734.7747,2155450.8425,2443.0,POINT (581734.7747 2155450.8425)
0.0,Quaternary_volcanic,582980.09,2155749.37,2447.29,POINT (582980.09 2155749.37)
,Quaternary_alluvial,582601.0575000001,2155816.8193,2444.0,POINT (582601.0575000001 2155816.8193)
,Quaternary_alluvial,579370.7949999999,2156302.6262,2488.0,POINT (579370.7949999999 2156302.6262)
,Quaternary_volcanic,574594.2692999998,2155807.1282,2588.0,POINT (574594.2692999998 2155807.1282)
,Quaternary_volcanic,573668.3672000002,2156227.0820000004,2586.0,POINT (573668.3672000002 2156227.0820000004)
,Quaternary_volcanic,579370.7949999999,2156302.6262,2488.0,POINT (579370.7949999999 2156302.6262)
0.0,Neogene_Volcanic,574809.5,2157500.75,1406.32,POINT (574809.5 2157500.75)
0.0,Quaternary_volcanic,573088.41,2157500.75,2524.98,POINT (573088.41 2157500.75)
0.0,Quaternary_volcanic,573126.78,2157500.75,2379.25,POINT (573126.78 2157500.75)
0.0,Paleogene_Volcanic,574809.5,2157500.75,102.13,POINT (574809.5 2157500.75)
0.0,Quaternary_volcanic,573229.52,2157500.75,2360.72,POINT (573229.52 2157500.75)
0.0,Quaternary_volcanic,573811.61,2157500.75,2162.29,POINT (573811.61 2157500.75)
0.0,Quaternary_volcanic,574301.09,2157500.75,2096.14,POINT (574301.09 2157500.75)
,Quaternary_alluvial,583841.5679000001,2156325.4615,2456.0,POINT (583841.5679000001 2156325.4615)
0.0,Quaternary_volcanic,582980.09,2157500.75,2030.27,POINT (582980.09 2157500.75)
0.0,Neogene_Volcanic,582980.09,2157500.75,1406.32,POINT (582980.09 2157500.75)
0.0,Paleogene_Volcanic,582980.09,2157500.75,102.13,POINT (582980.09 2157500.75)
0.0,Cretaceous_limestone,582980.09,2157500.75,-1000.0,POINT (582980.09 2157500.75)
0.0,Neogene_Volcanic,582980.09,2157500.77,1406.32,POINT (582980.09 2157500.77)
0.0,Quaternary_volcanic,582980.09,2157500.77,2030.27,POINT (582980.09 2157500.77)
0.0,Quaternary_volcanic,582980.09,2157500.77,2030.27,POINT (582980.09 2157500.77)
0.0,Paleogene_Volcanic,582980.09,2157500.77,102.13,POINT (582980.09 2157500.77)
,Quaternary_alluvial,582190.9122000001,2157915.6457,2453.0,POINT (582190.9122000001 2157915.6457)
0.0,Quaternary_alluvial,571572.17,2157500.75,2311.9,POINT (571572.17 2157500.75)
0.0,Quaternary_alluvial,571307.58,2157500.75,2338.35,POINT (571307.58 2157500.75)
0.0,Quaternary_alluvial,571191.15,2157500.75,2569.48,POINT (571191.15 2157500.75)
0.0,Quaternary_alluvial,566452.47,2157500.75,2364.81,POINT (566452.47 2157500.75)
0.0,Quaternary_alluvial,565806.52,2157500.75,2602.12,POINT (565806.52 2157500.75)
0.0,Quaternary_alluvial,566161.43,2157500.75,2338.35,POINT (566161.43 2157500.75)
0.0,Quaternary_alluvial,572434.35,2157500.75,2528.76,POINT (572434.35 2157500.75)
0.0,Quaternary_alluvial,572365.92,2157500.75,2378.04,POINT (572365.92 2157500.75)
0.0,Quaternary_alluvial,566606.89,2157500.75,2575.48,POINT (566606.89 2157500.75)
,Quaternary_alluvial,568099.5931000002,2159144.5392000005,2595.0,POINT (568099.5931000002 2159144.5392000005)
0.0,Quaternary_volcanic,574809.5,2157500.75,2127.93,POINT (574809.5 2157500.75)
,Quaternary_alluvial,573071.1238000002,2157697.2654,2525.0,POINT (573071.1238000002 2157697.2654)
,Quaternary_volcanic,573071.1238000002,2157697.2654,2525.0,POINT (573071.1238000002 2157697.2654)
,Quaternary_alluvial,574174.4385000002,2161277.0851000007,2519.0,POINT (574174.4385000002 2161277.0851000007)
,Quaternary_alluvial,576439.2763999999,2162420.0874000005,2562.0,POINT (576439.2763999999 2162420.0874000005)
0.0,Quaternary_alluvial,574809.5,2162500.75,2057.75,POINT (574809.5 2162500.75)
0.0,Quaternary_volcanic,578097.13,2162500.75,1997.97,POINT (578097.13 2162500.75)
0.0,Quaternary_alluvial,575811.13,2162500.75,2220.22,POINT (575811.13 2162500.75)
0.0,Quaternary_alluvial,576339.61,2162500.75,2560.92,POINT (576339.61 2162500.75)
0.0,Neogene_Volcanic,574809.5,2162500.75,1406.32,POINT (574809.5 2162500.75)
0.0,Paleogene_Volcanic,582980.09,2159234.99,102.13,POINT (582980.09 2159234.99)
0.0,Quaternary_volcanic,582980.09,2162500.75,1997.97,POINT (582980.09 2162500.75)
0.0,Paleogene_Volcanic,582980.09,2162500.75,102.13,POINT (582980.09 2162500.75)
0.0,Quaternary_volcanic,579414.76,2162500.75,2045.6,POINT (579414.76 2162500.75)
0.0,Quaternary_volcanic,580653.01,2162500.75,2013.85,POINT (580653.01 2162500.75)
0.0,Cretaceous_limestone,582980.09,2162500.75,-1000.0,POINT (582980.09 2162500.75)
0.0,Neogene_Volcanic,582980.09,2162500.75,1406.32,POINT (582980.09 2162500.75)
0.0,Quaternary_volcanic,581430.89,2162500.75,2045.6,POINT (581430.89 2162500.75)
0.0,Neogene_Volcanic,582980.09,2162500.77,1406.32,POINT (582980.09 2162500.77)
0.0,Quaternary_volcanic,582980.09,2162500.77,1997.97,POINT (582980.09 2162500.77)
0.0,Quaternary_alluvial,567542.93,2162500.75,2062.02,POINT (567542.93 2162500.75)
0.0,Paleogene_Volcanic,567951.81,2162500.75,102.13,POINT (567951.81 2162500.75)
0.0,Paleogene_Volcanic,568156.11,2162500.75,102.13,POINT (568156.11 2162500.75)
0.0,Cretaceous_limestone,568181.74,2162500.75,-1000.0,POINT (568181.74 2162500.75)
0.0,Quaternary_alluvial,567372.3,2162500.75,2057.75,POINT (567372.3 2162500.75)
,ChF,567544.95,2162500.75,2542.0,POINT (567544.95 2162500.75)
0.0,Cretaceous_limestone,568386.04,2162500.75,-1000.0,POINT (568386.04 2162500.75)
0.0,Neogene_Volcanic,567679.72,2162500.75,1406.32,POINT (567679.72 2162500.75)
0.0,Quaternary_alluvial,567746.18,2162500.75,2067.1,POINT (567746.18 2162500.75)
0.0,Quaternary_alluvial,570547.31,2162500.75,2137.12,POINT (570547.31 2162500.75)
0.0,Quaternary_alluvial,573523.88,2162500.75,2057.75,POINT (573523.88 2162500.75)
0.0,Quaternary_volcanic,575811.13,2162500.75,2220.22,POINT (575811.13 2162500.75)
0.0,Paleogene_Volcanic,574809.5,2162500.75,102.13,POINT (574809.5 2162500.75)
0.0,Quaternary_volcanic,576890.63,2162500.75,1997.97,POINT (576890.63 2162500.75)
,Quaternary_alluvial,575317.5102000004,2163635.849300001,2540.0,POINT (575317.5102000004 2163635.849300001)
,Quaternary_alluvial,575692.0703999996,2165210.103,2537.0,POINT (575692.0703999996 2165210.103)
,Quaternary_alluvial,574711.6903999997,2166149.7794000003,2531.0,POINT (574711.6903999997 2166149.7794000003)
0.0,Quaternary_alluvial,574707.54,2167500.75,2267.81,POINT (574707.54 2167500.75)
0.0,Quaternary_volcanic,577895.61,2167500.75,2154.96,POINT (577895.61 2167500.75)
0.0,Quaternary_alluvial,574548.79,2167500.75,2267.65,POINT (574548.79 2167500.75)
0.0,Quaternary_Pyro2,544509.64,2151825.08,2272.95,POINT (544509.64 2151825.08)
0.0,Quaternary_Pyro2,545664.64,2157500.75,2404.05,POINT (545664.64 2157500.75)
0.0,Quaternary_Pyro2,546721.53,2162500.75,2150.35,POINT (546721.53 2162500.75)
,Quaternary_volcanic,544757.0614999998,2166547.918400001,2575.0,POINT (544757.0614999998 2166547.918400001)
0.0,ATF,545517.31,2167500.75,2560.23,POINT (545517.31 2167500.75)
0.0,Neogene_Volcanic,545174.5,2167500.75,1735.51,POINT (545174.5 2167500.75)
0.0,Neogene_Lac,545285.18,2167500.75,2347.72,POINT (545285.18 2167500.75)
0.0,Quaternary_Pyro2,547345.98,2151825.08,2251.79,POINT (547345.98 2151825.08)
0.0,Quaternary_Pyro2,550118.82,2151825.08,2251.79,POINT (550118.82 2151825.08)
,Quaternary_Pyro2,549140.5592,2153859.7238,2727.0,POINT (549140.5592 2153859.7238)
0.0,Quaternary_Pyro2,547681.52,2162500.75,2139.92,POINT (547681.52 2162500.75)
0.0,Quaternary_Pyro2,548162.62,2162500.75,2134.69,POINT (548162.62 2162500.75)
0.0,Quaternary_Pyro2,549127.35,2162500.75,2607.52,POINT (549127.35 2162500.75)
0.0,Neogene_Lac,548244.82,2162500.75,2174.98,POINT (548244.82 2162500.75)
0.0,Neogene_Lac,548306.47,2162500.75,2134.57,POINT (548306.47 2162500.75)
0.0,Quaternary_volcanic,548700.7,2167500.75,2098.22,POINT (548700.7 2167500.75)
,Quaternary_alluvial,550025.4720000001,2167699.5862000007,2505.0,POINT (550025.4720000001 2167699.5862000007)
0.0,Neogene_Volcanic,544664.86,2167500.75,1555.44,POINT (544664.86 2167500.75)
0.0,Neogene_Lac,545526.39,2167500.75,2370.34,POINT (545526.39 2167500.75)
0.0,Quaternary_volcanic,545400.5,2167500.75,2143.23,POINT (545400.5 2167500.75)
0.0,Quaternary_volcanic,545092.61,2167500.75,2000.32,POINT (545092.61 2167500.75)
0.0,Quaternary_volcanic,544604.18,2167500.75,2005.67,POINT (544604.18 2167500.75)
0.0,Neogene_Lac,544272.06,2167500.75,2378.42,POINT (544272.06 2167500.75)
0.0,Paleogene_Volcanic,544594.52,2167500.75,580.0,POINT (544594.52 2167500.75)
0.0,Neogene_Lac,544555.1,2167500.75,2369.85,POINT (544555.1 2167500.75)
0.0,Paleogene_Volcanic,544533.99,2167500.75,580.0,POINT (544533.99 2167500.75)
,F2,544427.22,2167500.75,2570.0,POINT (544427.22 2167500.75)
0.0,Neogene_Lac,544352.46,2167500.75,2375.99,POINT (544352.46 2167500.75)
0.0,Quaternary_volcanic,544402.07,2167500.75,2007.89,POINT (544402.07 2167500.75)
0.0,Neogene_Volcanic,544463.05,2167500.75,1555.44,POINT (544463.05 2167500.75)
0.0,Quaternary_volcanic,545686.76,2167500.75,2139.33,POINT (545686.76 2167500.75)
0.0,Cretaceous_limestone,545009.28,2167500.75,-1000.0,POINT (545009.28 2167500.75)
0.0,Paleogene_Volcanic,544932.21,2167500.75,580.0,POINT (544932.21 2167500.75)
0.0,Neogene_Volcanic,544846.01,2167500.75,1555.44,POINT (544846.01 2167500.75)
0.0,Neogene_Volcanic,545518.96,2167500.75,1735.51,POINT (545518.96 2167500.75)
0.0,Neogene_Lac,545804.19,2167500.75,2367.22,POINT (545804.19 2167500.75)
0.0,Paleogene_Volcanic,564001.62,2157500.75,102.13,POINT (564001.62 2157500.75)
0.0,Paleogene_Volcanic,565094.46,2157500.75,102.13,POINT (565094.46 2157500.75)
0.0,Paleogene_Volcanic,565094.46,2157500.75,102.13,POINT (565094.46 2157500.75)
0.0,Paleogene_Volcanic,563797.55,2157500.75,102.13,POINT (563797.55 2157500.75)
0.0,Cretaceous_limestone,565580.62,2157500.75,-1000.0,POINT (565580.62 2157500.75)
,Quaternary_alluvial,563964.0603999998,2160716.6818000004,2611.0,POINT (563964.0603999998 2160716.6818000004)
0.0,Neogene_Volcanic,559965.37,2162500.75,1560.98,POINT (559965.37 2162500.75)
0.0,HF,559972.31,2162500.75,2629.03,POINT (559972.31 2162500.75)
0.0,Paleogene_Volcanic,560293.77,2162500.75,102.13,POINT (560293.77 2162500.75)
0.0,Paleogene_Volcanic,560073.64,2162500.75,323.46,POINT (560073.64 2162500.75)
0.0,Cretaceous_limestone,560389.76,2162500.75,-1000.0,POINT (560389.76 2162500.75)
0.0,Neogene_Volcanic,560179.67,2162500.75,1406.32,POINT (560179.67 2162500.75)
0.0,Quaternary_alluvial,565329.97,2162500.75,2075.66,POINT (565329.97 2162500.75)
0.0,Cretaceous_limestone,560189.43,2162500.75,-1000.0,POINT (560189.43 2162500.75)
0.0,Paleogene_Volcanic,560874.66,2162500.75,102.13,POINT (560874.66 2162500.75)
0.0,Quaternary_alluvial,562847.92,2162500.75,2097.44,POINT (562847.92 2162500.75)
0.0,Cretaceous_limestone,561040.02,2162500.75,-1000.0,POINT (561040.02 2162500.75)
0.0,Neogene_Volcanic,560742.36,2162500.75,1406.32,POINT (560742.36 2162500.75)
0.0,Quaternary_alluvial,562171.33,2162500.75,2604.01,POINT (562171.33 2162500.75)
,Quaternary_alluvial,561254.7216999996,2163447.1872000005,2588.0,POINT (561254.7216999996 2163447.1872000005)
,Quaternary_Pyro2,554881.2572999997,2160637.1642000005,2604.0,POINT (554881.2572999997 2160637.1642000005)
0.0,Neogene_Lac,555662.57,2162500.75,2553.92,POINT (555662.57 2162500.75)
0.0,Cretaceous_limestone,559617.88,2162500.75,-1000.0,POINT (559617.88 2162500.75)
0.0,Paleogene_Volcanic,559584.81,2162500.75,323.46,POINT (559584.81 2162500.75)
0.0,Neogene_Volcanic,559469.05,2162500.75,1560.98,POINT (559469.05 2162500.75)
0.0,Neogene_Lac,554981.84,2162500.75,2131.83,POINT (554981.84 2162500.75)
,Quaternary_alluvial,555857.2109000003,2162854.5194000006,2549.0,POINT (555857.2109000003 2162854.5194000006)
,Neogene_Lac,555857.2109000003,2162854.5194000006,2549.0,POINT (555857.2109000003 2162854.5194000006)
0.0,Quaternary_alluvial,557620.41,2167500.75,2230.87,POINT (557620.41 2167500.75)
0.0,Quaternary_alluvial,556054.97,2167500.75,2245.04,POINT (556054.97 2167500.75)
,Quaternary_Pyro2,550671.3531999998,2161643.5786000006,2582.0,POINT (550671.3531999998 2161643.5786000006)
,Quaternary_Pyro2,553589.5346999997,2161692.0709000006,2599.0,POINT (553589.5346999997 2161692.0709000006)
0.0,Neogene_Lac,551568.71,2162500.75,2131.83,POINT (551568.71 2162500.75)
0.0,Neogene_Lac,553129.75,2162500.75,2078.92,POINT (553129.75 2162500.75)
,Quaternary_alluvial,553240.1660000002,2167350.3355,2554.0,POINT (553240.1660000002 2167350.3355)
0.0,Neogene_Lac,551547.74,2167500.75,2302.66,POINT (551547.74 2167500.75)
0.0,Quaternary_volcanic,552383.71,2167500.75,2087.64,POINT (552383.71 2167500.75)
0.0,Neogene_Lac,553062.46,2167500.75,2542.73,POINT (553062.46 2167500.75)
0.0,Quaternary_alluvial,553062.46,2167500.75,2542.73,POINT (553062.46 2167500.75)
0.0,Neogene_Lac,552302.12,2167500.75,2319.42,POINT (552302.12 2167500.75)
0.0,Quaternary_alluvial,563671.33,2167500.75,2248.68,POINT (563671.33 2167500.75)
0.0,Paleogene_Volcanic,564611.84,2167500.75,580.0,POINT (564611.84 2167500.75)
0.0,Cretaceous_limestone,564942.56,2167500.75,-1000.0,POINT (564942.56 2167500.75)
0.0,Cretaceous_limestone,564738.22,2167500.75,-1000.0,POINT (564738.22 2167500.75)
0.0,Neogene_Volcanic,563952.33,2167500.75,1735.51,POINT (563952.33 2167500.75)
0.0,Neogene_Volcanic,563206.74,2172500.75,1453.82,POINT (563206.74 2172500.75)
0.0,Paleogene_Volcanic,564639.81,2172500.75,316.11,POINT (564639.81 2172500.75)
0.0,Quaternary_alluvial,562431.85,2172500.75,2324.36,POINT (562431.85 2172500.75)
0.0,Neogene_Volcanic,563528.4,2172500.75,1453.82,POINT (563528.4 2172500.75)
,F6,562017.04,2172500.75,2526.0,POINT (562017.04 2172500.75)
0.0,Quaternary_volcanic,550648.04,2167500.75,2013.56,POINT (550648.04 2167500.75)
0.0,Quaternary_alluvial,554112.03,2167500.75,2262.62,POINT (554112.03 2167500.75)
0.0,Quaternary_volcanic,554112.03,2167500.75,2262.62,POINT (554112.03 2167500.75)
,Quaternary_alluvial,551785.4286000002,2168118.5043,2500.0,POINT (551785.4286000002 2168118.5043)
,Quaternary_alluvial,553781.3497000001,2169816.0076,2497.0,POINT (553781.3497000001 2169816.0076)
,Quaternary_alluvial,554533.0280999998,2170243.4300999995,2514.0,POINT (554533.0280999998 2170243.4300999995)
,Quaternary_alluvial,554455.7290000003,2170927.7129,2533.0,POINT (554455.7290000003 2170927.7129)
0.0,Paleogene_Volcanic,550823.35,2172500.75,316.11,POINT (550823.35 2172500.75)
0.0,Neogene_Volcanic,551069.42,2172500.75,1453.82,POINT (551069.42 2172500.75)
0.0,Cretaceous_limestone,550538.69,2172500.75,-1000.0,POINT (550538.69 2172500.75)
,Quaternary_alluvial,555736.2991000004,2169141.3904,2487.0,POINT (555736.2991000004 2169141.3904)
,Quaternary_alluvial,557635.1868000003,2169349.0755000003,2487.0,POINT (557635.1868000003 2169349.0755000003)
,Quaternary_alluvial,555551.1743000001,2170050.386499999,2510.0,POINT (555551.1743000001 2170050.386499999)
,Quaternary_alluvial,559071.4223999996,2171057.9596999995,2500.0,POINT (559071.4223999996 2171057.9596999995)
0.0,Neogene_Volcanic,556179.62,2172500.75,1453.82,POINT (556179.62 2172500.75)
0.0,Quaternary_alluvial,555028.53,2172500.75,2271.45,POINT (555028.53 2172500.75)
0.0,Cretaceous_limestone,556308.68,2172500.75,-1000.0,POINT (556308.68 2172500.75)
0.0,Quaternary_alluvial,556062.24,2172500.75,2324.36,POINT (556062.24 2172500.75)
0.0,Paleogene_Volcanic,556131.22,2172500.75,316.11,POINT (556131.22 2172500.75)
0.0,Neogene_Volcanic,555977.81,2172500.75,1453.82,POINT (555977.81 2172500.75)
,Quaternary_alluvial,549466.5449000001,2169529.0666000005,2487.0,POINT (549466.5449000001 2169529.0666000005)
,Quaternary_alluvial,548585.2812000001,2169752.1721,2497.0,POINT (548585.2812000001 2169752.1721)
,Quaternary_volcanic,548585.2812000001,2169752.1721,2497.0,POINT (548585.2812000001 2169752.1721)
0.0,ATF,549803.01,2172500.75,2485.38,POINT (549803.01 2172500.75)
0.0,Quaternary_volcanic,549051.22,2172500.75,2053.63,POINT (549051.22 2172500.75)
0.0,Quaternary_alluvial,549809.28,2172500.75,2285.46,POINT (549809.28 2172500.75)
0.0,Quaternary_volcanic,550357.93,2172500.75,2116.36,POINT (550357.93 2172500.75)
0.0,Paleogene_Volcanic,547971.24,2172500.75,61.0,POINT (547971.24 2172500.75)
0.0,Neogene_Volcanic,549764.59,2172500.75,1453.82,POINT (549764.59 2172500.75)
0.0,Quaternary_alluvial,548983.27,2172500.75,2311.78,POINT (548983.27 2172500.75)
0.0,Quaternary_volcanic,551086.23,2172500.75,2244.99,POINT (551086.23 2172500.75)
0.0,Quaternary_alluvial,553679.16,2172500.75,2297.91,POINT (553679.16 2172500.75)
0.0,Cretaceous_limestone,550743.32,2172500.75,-1000.0,POINT (550743.32 2172500.75)
0.0,Quaternary_alluvial,551086.23,2172500.75,2244.99,POINT (551086.23 2172500.75)
,F1,551397.57,2172500.75,2498.0,POINT (551397.57 2172500.75)
0.0,Neogene_Volcanic,551274.04,2172500.75,1453.82,POINT (551274.04 2172500.75)
0.0,Quaternary_alluvial,551241.22,2172500.75,2248.15,POINT (551241.22 2172500.75)
0.0,Quaternary_alluvial,551446.75,2172500.75,2252.35,POINT (551446.75 2172500.75)
0.0,Paleogene_Volcanic,551027.97,2172500.75,316.11,POINT (551027.97 2172500.75)
,Quaternary_alluvial,551092.9346000003,2174781.1021,2484.0,POINT (551092.9346000003 2174781.1021)
0.0,Paleogene_Volcanic,564961.47,2172500.75,316.11,POINT (564961.47 2172500.75)
0.0,Quaternary_alluvial,562110.19,2172500.75,2324.36,POINT (562110.19 2172500.75)
,Quaternary_alluvial,565536.7311000004,2174492.6055,2569.0,POINT (565536.7311000004 2174492.6055)
,Quaternary_alluvial,564837.1716999998,2175506.2675,2554.0,POINT (564837.1716999998 2175506.2675)
,Quaternary_alluvial,563334.2078999998,2176680.4221,2564.0,POINT (563334.2078999998 2176680.4221)
,Quaternary_alluvial,564188.7174000004,2176852.9517,2574.0,POINT (564188.7174000004 2176852.9517)
,Quaternary_alluvial,561015.9238999998,2177416.241800001,2567.0,POINT (561015.9238999998 2177416.241800001)
0.0,Quaternary_alluvial,560835.04,2177500.75,2259.48,POINT (560835.04 2177500.75)
0.0,Quaternary_alluvial,562303.48,2177500.75,2227.73,POINT (562303.48 2177500.75)
0.0,Paleogene_Volcanic,562490.47,2177500.75,316.11,POINT (562490.47 2177500.75)
0.0,Neogene_Volcanic,567884.03,2162500.75,1406.32,POINT (567884.03 2162500.75)
0.0,Cretaceous_limestone,568676.2,2167500.75,-1000.0,POINT (568676.2 2167500.75)
0.0,Quaternary_alluvial,567519.6,2167500.75,2260.01,POINT (567519.6 2167500.75)
0.0,Neogene_Volcanic,568542.09,2167500.75,1557.24,POINT (568542.09 2167500.75)
0.0,Paleogene_Volcanic,568166.32,2167500.75,224.25,POINT (568166.32 2167500.75)
0.0,Neogene_Volcanic,567452.43,2167500.75,1735.51,POINT (567452.43 2167500.75)
0.0,Paleogene_Volcanic,567934.43,2167500.75,580.0,POINT (567934.43 2167500.75)
0.0,Quaternary_alluvial,567988.11,2167500.75,2261.19,POINT (567988.11 2167500.75)
0.0,Paleogene_Volcanic,567485.96,2167500.75,580.0,POINT (567485.96 2167500.75)
0.0,Neogene_Volcanic,568049.7,2167500.75,1557.24,POINT (568049.7 2167500.75)
0.0,Paleogene_Volcanic,582980.09,2162500.77,102.13,POINT (582980.09 2162500.77)
0.0,Neogene_Volcanic,582980.09,2164188.26,1457.25,POINT (582980.09 2164188.26)
0.0,Quaternary_volcanic,582980.09,2165614.78,2102.33,POINT (582980.09 2165614.78)
0.0,Cretaceous_limestone,582980.09,2167500.75,-1000.0,POINT (582980.09 2167500.75)
0.0,Paleogene_Volcanic,582980.09,2167500.75,224.25,POINT (582980.09 2167500.75)
0.0,Quaternary_volcanic,582980.09,2167500.75,2165.54,POINT (582980.09 2167500.75)
0.0,Quaternary_volcanic,581578.61,2167500.75,2176.12,POINT (581578.61 2167500.75)
0.0,Neogene_Volcanic,582980.09,2167500.75,1557.24,POINT (582980.09 2167500.75)
0.0,Paleogene_Volcanic,582980.09,2167500.77,224.25,POINT (582980.09 2167500.77)
0.0,Quaternary_volcanic,582980.09,2167500.77,2165.54,POINT (582980.09 2167500.77)
0.0,Quaternary_alluvial,563671.33,2167500.75,2248.68,POINT (563671.33 2167500.75)
0.0,Paleogene_Volcanic,564233.45,2167500.75,580.0,POINT (564233.45 2167500.75)
0.0,Neogene_Volcanic,564165.64,2167500.75,1735.51,POINT (564165.64 2167500.75)
,HF,564105.28,2167500.75,2512.0,POINT (564105.28 2167500.75)
0.0,Quaternary_alluvial,564057.99,2167500.75,2249.82,POINT (564057.99 2167500.75)
0.0,Quaternary_alluvial,564262.2,2167500.75,2250.42,POINT (564262.2 2167500.75)
0.0,Paleogene_Volcanic,564233.45,2167500.75,580.0,POINT (564233.45 2167500.75)
0.0,Neogene_Volcanic,564369.97,2167500.75,1735.51,POINT (564369.97 2167500.75)
0.0,Paleogene_Volcanic,564407.51,2167500.75,580.0,POINT (564407.51 2167500.75)
0.0,Neogene_Volcanic,563952.33,2167500.75,1735.51,POINT (563952.33 2167500.75)
0.0,Cretaceous_limestone,567770.95,2167500.75,-1000.0,POINT (567770.95 2167500.75)
0.0,Quaternary_alluvial,567787.38,2167500.75,2260.8,POINT (567787.38 2167500.75)
0.0,Quaternary_alluvial,568475.09,2167500.75,2261.67,POINT (568475.09 2167500.75)
0.0,Neogene_Volcanic,567833.34,2167500.75,1735.51,POINT (567833.34 2167500.75)
0.0,Cretaceous_limestone,568072.66,2167500.75,-1000.0,POINT (568072.66 2167500.75)
0.0,ChF,567863.51,2167500.75,2537.98,POINT (567863.51 2167500.75)
0.0,Paleogene_Volcanic,568525.33,2167500.75,224.25,POINT (568525.33 2167500.75)
0.0,Cretaceous_limestone,568273.0,2167500.75,-1000.0,POINT (568273 2167500.75)
,Quaternary_alluvial,571269.8147,2167896.8439000007,2582.0,POINT (571269.8147 2167896.8439000007)
,Quaternary_alluvial,570493.4400000004,2168640.700200001,2560.0,POINT (570493.4400000004 2168640.700200001)
0.0,Quaternary_alluvial,574988.61,2167500.75,2538.55,POINT (574988.61 2167500.75)
0.0,Quaternary_volcanic,574885.34,2167500.75,2362.73,POINT (574885.34 2167500.75)
0.0,Quaternary_alluvial,574885.34,2167500.75,2362.73,POINT (574885.34 2167500.75)
0.0,Neogene_Volcanic,574809.5,2167500.75,1557.24,POINT (574809.5 2167500.75)
0.0,Paleogene_Volcanic,574809.5,2167500.75,224.25,POINT (574809.5 2167500.75)
0.0,Quaternary_volcanic,579271.44,2167500.75,2207.87,POINT (579271.44 2167500.75)
0.0,Quaternary_volcanic,575546.1,2167500.75,2186.71,POINT (575546.1 2167500.75)
0.0,Quaternary_volcanic,576710.27,2167500.75,2165.54,POINT (576710.27 2167500.75)
,Quaternary_alluvial,573589.8667000001,2167685.5054,2558.0,POINT (573589.8667000001 2167685.5054)
,Quaternary_alluvial,575455.1830000002,2169464.8319000006,2556.0,POINT (575455.1830000002 2169464.8319000006)
0.0,Neogene_Volcanic,582980.09,2167500.77,1557.24,POINT (582980.09 2167500.77)
0.0,Quaternary_volcanic,582980.09,2168746.86,2225.71,POINT (582980.09 2168746.86)
0.0,Quaternary_volcanic,582980.09,2169876.97,2598.88,POINT (582980.09 2169876.97)
,Quaternary_volcanic,581708.3757999996,2169908.1395999994,2677.0,POINT (581708.3757999996 2169908.1395999994)
,Quaternary_volcanic,582732.8596000001,2172410.3978000004,2780.0,POINT (582732.8596000001 2172410.3978000004)
0.0,Cretaceous_limestone,582980.09,2172500.75,-1000.0,POINT (582980.09 2172500.75)
0.0,Quaternary_volcanic,582269.83,2172500.75,2376.17,POINT (582269.83 2172500.75)
0.0,Neogene_Volcanic,582980.09,2172500.75,1453.82,POINT (582980.09 2172500.75)
,Quaternary_volcanic,570334.2472000001,2171990.0645000003,2543.0,POINT (570334.2472000001 2171990.0645000003)
,Quaternary_alluvial,570334.2472000001,2171990.0645000003,2543.0,POINT (570334.2472000001 2171990.0645000003)
0.0,Cretaceous_limestone,568651.89,2172500.75,-1000.0,POINT (568651.89 2172500.75)
0.0,Neogene_Volcanic,567995.72,2172500.75,1453.82,POINT (567995.72 2172500.75)
0.0,Neogene_Volcanic,567995.72,2172500.75,1453.82,POINT (567995.72 2172500.75)
0.0,Quaternary_alluvial,571226.1,2172500.75,2546.21,POINT (571226.1 2172500.75)
0.0,Quaternary_alluvial,567911.06,2172500.75,2324.36,POINT (567911.06 2172500.75)
0.0,Quaternary_alluvial,569645.33,2172500.75,2324.36,POINT (569645.33 2172500.75)
0.0,Paleogene_Volcanic,568598.06,2172500.75,316.11,POINT (568598.06 2172500.75)
0.0,Neogene_Volcanic,568565.37,2172500.75,1453.82,POINT (568565.37 2172500.75)
,Quaternary_volcanic,574138.8552000001,2172115.905099999,2582.0,POINT (574138.8552000001 2172115.905099999)
0.0,Neogene_Volcanic,576009.47,2172500.75,1453.82,POINT (576009.47 2172500.75)
0.0,Neogene_Volcanic,574809.5,2172500.75,1453.82,POINT (574809.5 2172500.75)
0.0,Neogene_Volcanic,576991.58,2172500.75,1453.82,POINT (576991.58 2172500.75)
0.0,Quaternary_volcanic,575404.07,2172500.75,2298.69,POINT (575404.07 2172500.75)
0.0,Quaternary_volcanic,575834.8,2172500.75,2298.46,POINT (575834.8 2172500.75)
0.0,Quaternary_volcanic,574054.01,2172500.75,2375.41,POINT (574054.01 2172500.75)
,ChF,575878.28,2172500.75,2582.0,POINT (575878.28 2172500.75)
0.0,Quaternary_volcanic,574745.67,2172500.75,2299.04,POINT (574745.67 2172500.75)
0.0,Cretaceous_limestone,576721.16,2172500.75,-1000.0,POINT (576721.16 2172500.75)
0.0,Cretaceous_limestone,569076.5,2172500.75,-1000.0,POINT (569076.5 2172500.75)
0.0,Quaternary_alluvial,571006.0,2172500.75,2324.36,POINT (571006 2172500.75)
0.0,Quaternary_alluvial,567911.06,2172500.75,2324.36,POINT (567911.06 2172500.75)
0.0,Cretaceous_limestone,566297.59,2172500.75,-1000.0,POINT (566297.59 2172500.75)
0.0,Cretaceous_limestone,568872.21,2172500.75,-1000.0,POINT (568872.21 2172500.75)
0.0,Quaternary_alluvial,568179.75,2172500.75,2324.36,POINT (568179.75 2172500.75)
0.0,Paleogene_Volcanic,568802.36,2172500.75,316.11,POINT (568802.36 2172500.75)
0.0,Cretaceous_limestone,566619.25,2172500.75,-1000.0,POINT (566619.25 2172500.75)
0.0,Quaternary_alluvial,568384.04,2172500.75,2324.36,POINT (568384.04 2172500.75)
,HF,568238.22,2172500.75,2534.0,POINT (568238.22 2172500.75)
0.0,Neogene_Volcanic,576991.58,2172500.75,1453.82,POINT (576991.58 2172500.75)
0.0,Cretaceous_limestone,576516.93,2172500.75,-1000.0,POINT (576516.93 2172500.75)
0.0,Quaternary_volcanic,575404.07,2172500.75,2298.69,POINT (575404.07 2172500.75)
0.0,Quaternary_volcanic,573877.23,2172500.75,2569.8,POINT (573877.23 2172500.75)
0.0,Neogene_Volcanic,576213.71,2172500.75,1453.82,POINT (576213.71 2172500.75)
0.0,Paleogene_Volcanic,576244.75,2172500.75,316.11,POINT (576244.75 2172500.75)
0.0,Quaternary_volcanic,574646.68,2172500.75,2311.91,POINT (574646.68 2172500.75)
0.0,Paleogene_Volcanic,576448.99,2172500.75,316.11,POINT (576448.99 2172500.75)
0.0,Paleogene_Volcanic,574809.5,2172500.75,316.11,POINT (574809.5 2172500.75)
0.0,Quaternary_volcanic,574339.76,2172500.75,2343.66,POINT (574339.76 2172500.75)
0.0,Quaternary_volcanic,549701.3,2172500.75,2084.07,POINT (549701.3 2172500.75)
0.0,Cretaceous_limestone,548047.64,2172500.75,-1000.0,POINT (548047.64 2172500.75)
0.0,Quaternary_alluvial,549586.14,2172500.75,2292.53,POINT (549586.14 2172500.75)
0.0,Neogene_Volcanic,548909.66,2172500.75,1030.9,POINT (548909.66 2172500.75)
0.0,Quaternary_volcanic,548254.35,2172500.75,2030.66,POINT (548254.35 2172500.75)
0.0,Quaternary_alluvial,549553.14,2172500.75,2293.58,POINT (549553.14 2172500.75)
0.0,Quaternary_alluvial,548784.76,2172500.75,2477.32,POINT (548784.76 2172500.75)
0.0,Cretaceous_limestone,547494.46,2172500.75,-1000.0,POINT (547494.46 2172500.75)
0.0,Quaternary_volcanic,549464.43,2172500.75,2065.54,POINT (549464.43 2172500.75)
0.0,Paleogene_Volcanic,548391.18,2172500.75,63.95,POINT (548391.18 2172500.75)
0.0,Paleogene_Volcanic,548753.33,2172500.75,316.11,POINT (548753.33 2172500.75)
0.0,Neogene_Volcanic,548510.33,2172500.75,1032.19,POINT (548510.33 2172500.75)
0.0,Neogene_Volcanic,549363.36,2172500.75,1453.82,POINT (549363.36 2172500.75)
0.0,Paleogene_Volcanic,549335.97,2172500.75,316.11,POINT (549335.97 2172500.75)
0.0,Quaternary_alluvial,549286.5,2172500.75,2302.03,POINT (549286.5 2172500.75)
0.0,Cretaceous_limestone,548542.21,2172500.75,-1000.0,POINT (548542.21 2172500.75)
0.0,Quaternary_alluvial,549934.37,2172500.75,2281.49,POINT (549934.37 2172500.75)
0.0,Quaternary_volcanic,550033.1,2172500.75,2100.39,POINT (550033.1 2172500.75)
0.0,Quaternary_alluvial,549229.34,2172500.75,2303.84,POINT (549229.34 2172500.75)
0.0,Cretaceous_limestone,547834.17,2172500.75,-1000.0,POINT (547834.17 2172500.75)
0.0,Cretaceous_limestone,544807.47,2167500.75,-1000.0,POINT (544807.47 2167500.75)
0.0,Neogene_Lac,544798.62,2167500.75,2362.47,POINT (544798.62 2167500.75)
0.0,Paleogene_Volcanic,544796.33,2167500.75,580.0,POINT (544796.33 2167500.75)
0.0,Quaternary_volcanic,544781.45,2167500.75,2003.73,POINT (544781.45 2167500.75)
,Quaternary_alluvial,545978.0141000003,2173595.7939,2493.0,POINT (545978.0141000003 2173595.7939)
,Quaternary_alluvial,544479.0105999997,2176043.8771,2500.0,POINT (544479.0105999997 2176043.8771)
0.0,Quaternary_alluvial,546520.01,2177500.75,1924.78,POINT (546520.01 2177500.75)
0.0,Quaternary_alluvial,544551.65,2177500.75,2487.02,POINT (544551.65 2177500.75)
0.0,Quaternary_alluvial,545453.73,2177500.75,2162.9,POINT (545453.73 2177500.75)
,Quaternary_alluvial,544700.0596000003,2178049.1252999995,2477.0,POINT (544700.0596000003 2178049.1252999995)
,Quaternary_alluvial,547709.506,2172533.0540999994,2495.0,POINT (547709.506 2172533.0540999994)
,Quaternary_alluvial,549118.8854,2172889.4231,2478.0,POINT (549118.8854 2172889.4231)
,Quaternary_alluvial,549450.2273000004,2173028.445800001,2480.0,POINT (549450.2273000004 2173028.445800001)
,Quaternary_alluvial,550157.2412999999,2175745.751,2471.0,POINT (550157.2412999999 2175745.751)
0.0,Quaternary_alluvial,547573.05,2177500.75,1747.51,POINT (547573.05 2177500.75)
0.0,Quaternary_volcanic,547456.95,2177500.75,1767.05,POINT (547456.95 2177500.75)
0.0,Quaternary_alluvial,548898.62,2177500.75,2012.09,POINT (548898.62 2177500.75)
0.0,Quaternary_alluvial,550221.54,2177500.75,2012.09,POINT (550221.54 2177500.75)
0.0,Quaternary_volcanic,547389.57,2177500.75,1749.02,POINT (547389.57 2177500.75)
,Quaternary_alluvial,548542.3295,2179122.9233,2453.0,POINT (548542.3295 2179122.9233)
,Quaternary_alluvial,549735.8919000002,2179230.951199999,2455.0,POINT (549735.8919000002 2179230.951199999)
0.0,Paleogene_Volcanic,547209.5,2182500.75,170.11,POINT (547209.5 2182500.75)
0.0,Paleogene_Volcanic,548508.48,2182500.75,168.91,POINT (548508.48 2182500.75)
0.0,Quaternary_volcanic,547209.5,2182500.75,1737.65,POINT (547209.5 2182500.75)
0.0,Quaternary_volcanic,547573.05,2182500.75,1747.51,POINT (547573.05 2182500.75)
0.0,Cretaceous_limestone,547209.5,2182500.75,-1000.0,POINT (547209.5 2182500.75)
0.0,Paleogene_Volcanic,547209.5,2182500.75,170.11,POINT (547209.5 2182500.75)
0.0,Neogene_Volcanic,547209.5,2182500.75,1359.78,POINT (547209.5 2182500.75)
0.0,Neogene_Volcanic,547209.5,2182500.75,1359.78,POINT (547209.5 2182500.75)
0.0,Quaternary_volcanic,548898.62,2182500.75,2012.09,POINT (548898.62 2182500.75)
,Quaternary_alluvial,544907.3241999997,2182371.1007000003,2443.0,POINT (544907.3241999997 2182371.1007000003)
0.0,Quaternary_alluvial,544542.31,2182500.75,2097.25,POINT (544542.31 2182500.75)
0.0,Quaternary_volcanic,545427.01,2182500.75,1689.29,POINT (545427.01 2182500.75)
0.0,Quaternary_alluvial,544933.16,2182500.75,2443.95,POINT (544933.16 2182500.75)
,Quaternary_alluvial,544768.8388999999,2185243.7904000003,2466.0,POINT (544768.8388999999 2185243.7904000003)
,Quaternary_alluvial,544561.1786000002,2187393.4865000006,2445.0,POINT (544561.1786000002 2187393.4865000006)
0.0,Quaternary_alluvial,544789.07,2187500.75,2451.05,POINT (544789.07 2187500.75)
0.0,Cretaceous_limestone,568651.89,2172500.75,-1000.0,POINT (568651.89 2172500.75)
0.0,Neogene_Volcanic,568361.08,2172500.75,1453.82,POINT (568361.08 2172500.75)
0.0,Paleogene_Volcanic,568482.56,2172500.75,316.11,POINT (568482.56 2172500.75)
0.0,Paleogene_Volcanic,568482.56,2172500.75,316.11,POINT (568482.56 2172500.75)
,Quaternary_alluvial,572137.5777000003,2172939.6931,2558.0,POINT (572137.5777000003 2172939.6931)
,Quaternary_alluvial,568214.0208999999,2174262.1492,2545.0,POINT (568214.0208999999 2174262.1492)
,Quaternary_alluvial,568906.8556000004,2174513.8474000003,2543.0,POINT (568906.8556000004 2174513.8474000003)
,Quaternary_volcanic,572244.1410999997,2174547.4779000003,2593.0,POINT (572244.1410999997 2174547.4779000003)
,Quaternary_alluvial,571025.1706999997,2174720.774599999,2574.0,POINT (571025.1706999997 2174720.774599999)
,Quaternary_alluvial,567048.0422999999,2175052.0923,2570.0,POINT (567048.0422999999 2175052.0923)
0.0,Paleogene_Volcanic,577414.91,2172500.75,316.11,POINT (577414.91 2172500.75)
0.0,Paleogene_Volcanic,577414.91,2172500.75,316.11,POINT (577414.91 2172500.75)
0.0,Quaternary_volcanic,578975.76,2172500.75,2296.8,POINT (578975.76 2172500.75)
0.0,Quaternary_volcanic,576039.06,2172500.75,2298.35,POINT (576039.06 2172500.75)
,Quaternary_volcanic,577327.5477,2173295.1778999995,2623.0,POINT (577327.5477 2173295.1778999995)
,Quaternary_volcanic,578820.6638000002,2173672.6594,2700.0,POINT (578820.6638000002 2173672.6594)
,Quaternary_volcanic,577960.7663000003,2173970.316299999,2672.0,POINT (577960.7663000003 2173970.316299999)
,Quaternary_volcanic,575487.0855,2174173.5714,2596.0,POINT (575487.0855 2174173.5714)
,Quaternary_volcanic,579081.8381000003,2175195.6186999995,2750.0,POINT (579081.8381000003 2175195.6186999995)
,Quaternary_volcanic,577384.5214,2175498.0851000007,2612.0,POINT (577384.5214 2175498.0851000007)
0.0,Paleogene_Volcanic,582980.09,2172500.75,316.11,POINT (582980.09 2172500.75)
0.0,Quaternary_volcanic,582704.41,2172500.75,2776.43,POINT (582704.41 2172500.75)
0.0,Paleogene_Volcanic,582980.09,2172500.77,316.11,POINT (582980.09 2172500.77)
0.0,Neogene_Volcanic,582980.09,2172500.77,1453.82,POINT (582980.09 2172500.77)
0.0,Paleogene_Volcanic,582980.09,2173968.4,316.11,POINT (582980.09 2173968.4)
0.0,Neogene_Volcanic,582980.09,2174080.62,1455.82,POINT (582980.09 2174080.62)
0.0,Paleogene_Volcanic,582980.09,2174169.37,316.11,POINT (582980.09 2174169.37)
0.0,Neogene_Volcanic,582980.09,2174281.61,1456.08,POINT (582980.09 2174281.61)
,F6,582980.09,2174341.41,3084.0,POINT (582980.09 2174341.41)
,Quaternary_volcanic,580418.1036999999,2176003.9407,2800.0,POINT (580418.1036999999 2176003.9407)
,Quaternary_alluvial,568880.4742999999,2175733.626599999,2559.0,POINT (568880.4742999999 2175733.626599999)
,Quaternary_alluvial,570997.4346000003,2176515.1241999995,2580.0,POINT (570997.4346000003 2176515.1241999995)
,Quaternary_alluvial,567628.3673,2177198.258199999,2591.0,POINT (567628.3673 2177198.258199999)
0.0,Neogene_Volcanic,572715.29,2177500.75,1452.2,POINT (572715.29 2177500.75)
0.0,Paleogene_Volcanic,572720.41,2177500.75,316.11,POINT (572720.41 2177500.75)
0.0,Paleogene_Volcanic,572720.41,2177500.75,316.11,POINT (572720.41 2177500.75)
0.0,Paleogene_Volcanic,572742.33,2177500.75,316.11,POINT (572742.33 2177500.75)
0.0,Paleogene_Volcanic,572946.43,2177500.75,316.11,POINT (572946.43 2177500.75)
,F2,567429.75,2177500.75,2591.0,POINT (567429.75 2177500.75)
0.0,Neogene_Volcanic,567482.18,2177500.75,1448.14,POINT (567482.18 2177500.75)
0.0,Paleogene_Volcanic,567634.06,2177500.75,316.11,POINT (567634.06 2177500.75)
0.0,Neogene_Volcanic,567683.95,2177500.75,1448.3,POINT (567683.95 2177500.75)
0.0,Quaternary_alluvial,567731.21,2177500.75,2588.2,POINT (567731.21 2177500.75)
0.0,Cretaceous_limestone,567810.63,2177500.75,-1000.0,POINT (567810.63 2177500.75)
0.0,Paleogene_Volcanic,567835.85,2177500.75,316.11,POINT (567835.85 2177500.75)
0.0,Quaternary_alluvial,567902.08,2177500.75,2330.92,POINT (567902.08 2177500.75)
0.0,Cretaceous_limestone,568012.42,2177500.75,-1000.0,POINT (568012.42 2177500.75)
0.0,Quaternary_alluvial,568193.12,2177500.75,2317.69,POINT (568193.12 2177500.75)
0.0,Quaternary_alluvial,568457.7,2177500.75,2344.14,POINT (568457.7 2177500.75)
0.0,Cretaceous_limestone,573010.1,2177500.75,-1000.0,POINT (573010.1 2177500.75)
0.0,Paleogene_Volcanic,581269.78,2177500.75,316.11,POINT (581269.78 2177500.75)
0.0,Paleogene_Volcanic,581269.78,2177500.75,316.11,POINT (581269.78 2177500.75)
0.0,Paleogene_Volcanic,582980.09,2177500.75,316.11,POINT (582980.09 2177500.75)
0.0,Cretaceous_limestone,580897.36,2177500.75,-1000.0,POINT (580897.36 2177500.75)
0.0,Neogene_Volcanic,580856.4,2177500.75,1458.51,POINT (580856.4 2177500.75)
0.0,Neogene_Volcanic,581044.81,2177500.75,1458.66,POINT (581044.81 2177500.75)
0.0,Cretaceous_limestone,580693.51,2177500.75,-1000.0,POINT (580693.51 2177500.75)
0.0,Paleogene_Volcanic,580637.98,2177500.75,316.11,POINT (580637.98 2177500.75)
0.0,Paleogene_Volcanic,580434.13,2177500.75,316.11,POINT (580434.13 2177500.75)
0.0,Cretaceous_limestone,582980.09,2177500.75,-1000.0,POINT (582980.09 2177500.75)
,Quaternary_volcanic,573823.6075999998,2175629.8467,2621.0,POINT (573823.6075999998 2175629.8467)
0.0,Neogene_Volcanic,574809.5,2177500.75,1453.82,POINT (574809.5 2177500.75)
0.0,Cretaceous_limestone,573214.2,2177500.75,-1000.0,POINT (573214.2 2177500.75)
0.0,Paleogene_Volcanic,574809.5,2177500.75,316.11,POINT (574809.5 2177500.75)
0.0,Neogene_Volcanic,576493.73,2182500.75,1780.0,POINT (576493.73 2182500.75)
0.0,Neogene_Volcanic,576493.73,2182500.75,1780.0,POINT (576493.73 2182500.75)
,HF,576504.12,2182500.75,3000.0,POINT (576504.12 2182500.75)
0.0,Neogene_Volcanic,579202.29,2182500.75,1789.52,POINT (579202.29 2182500.75)
0.0,Neogene_Volcanic,574236.32,2182500.75,1772.07,POINT (574236.32 2182500.75)
0.0,Paleogene_Volcanic,577123.3,2182500.75,260.75,POINT (577123.3 2182500.75)
0.0,Neogene_Volcanic,580209.08,2177500.75,1458.01,POINT (580209.08 2177500.75)
0.0,Neogene_Volcanic,580412.9,2177500.75,1458.17,POINT (580412.9 2177500.75)
,ChF,580044.95,2177500.75,2808.0,POINT (580044.95 2177500.75)
0.0,Neogene_Volcanic,582980.09,2177500.75,1460.16,POINT (582980.09 2177500.75)
0.0,Paleogene_Volcanic,582980.09,2177500.77,316.11,POINT (582980.09 2177500.77)
0.0,Neogene_Volcanic,582980.09,2177500.77,1460.16,POINT (582980.09 2177500.77)
0.0,Paleogene_Volcanic,582980.09,2180324.03,277.41,POINT (582980.09 2180324.03)
0.0,Paleogene_Volcanic,582980.09,2180528.93,274.6,POINT (582980.09 2180528.93)
0.0,Neogene_Volcanic,582980.09,2180656.34,1676.4,POINT (582980.09 2180656.34)
0.0,Neogene_Volcanic,582980.09,2180865.31,1690.72,POINT (582980.09 2180865.31)
0.0,Quaternary_alluvial,568722.29,2177500.75,2344.14,POINT (568722.29 2177500.75)
0.0,Quaternary_alluvial,568933.95,2177500.75,2370.6,POINT (568933.95 2177500.75)
0.0,Quaternary_alluvial,569136.78,2177500.75,2581.09,POINT (569136.78 2177500.75)
,HF,572371.17,2177500.75,2642.0,POINT (572371.17 2177500.75)
0.0,Neogene_Volcanic,572373.15,2177500.75,1451.93,POINT (572373.15 2177500.75)
0.0,Neogene_Volcanic,572373.15,2177500.75,1451.93,POINT (572373.15 2177500.75)
0.0,Neogene_Volcanic,572511.23,2177500.75,1452.04,POINT (572511.23 2177500.75)
,Quaternary_alluvial,568300.2937000003,2178192.2991000004,2583.0,POINT (568300.2937000003 2178192.2991000004)
0.0,Neogene_Volcanic,566821.3,2182500.75,1746.01,POINT (566821.3 2182500.75)
,Quaternary_alluvial,572943.9194999998,2182568.9229000006,2780.0,POINT (572943.9194999998 2182568.9229000006)
0.0,Neogene_Volcanic,576632.7,2182500.75,1780.49,POINT (576632.7 2182500.75)
0.0,Paleogene_Volcanic,579181.12,2182500.75,256.12,POINT (579181.12 2182500.75)
,F1,574336.98,2182500.75,2765.0,POINT (574336.98 2182500.75)
0.0,Neogene_Volcanic,579000.99,2182500.75,1788.81,POINT (579000.99 2182500.75)
,F2,578931.01,2182500.75,3241.0,POINT (578931.01 2182500.75)
0.0,Neogene_Volcanic,574032.04,2182500.75,1771.35,POINT (574032.04 2182500.75)
0.0,Cretaceous_limestone,579328.74,2182500.75,-1000.0,POINT (579328.74 2182500.75)
0.0,Cretaceous_limestone,573466.23,2182500.75,-1000.0,POINT (573466.23 2182500.75)
0.0,Neogene_Volcanic,576836.1,2182500.75,1781.21,POINT (576836.1 2182500.75)
0.0,Cretaceous_limestone,577361.43,2182500.75,-1000.0,POINT (577361.43 2182500.75)
,F2,555928.48,2172500.75,2568.0,POINT (555928.48 2172500.75)
0.0,Quaternary_alluvial,555861.15,2172500.75,2319.03,POINT (555861.15 2172500.75)
0.0,Paleogene_Volcanic,556333.03,2172500.75,316.11,POINT (556333.03 2172500.75)
0.0,Cretaceous_limestone,556510.49,2172500.75,-1000.0,POINT (556510.49 2172500.75)
,Quaternary_alluvial,556785.5943999998,2173578.780200001,2569.0,POINT (556785.5943999998 2173578.780200001)
,Quaternary_alluvial,558263.5734000001,2174210.8039999995,2554.0,POINT (558263.5734000001 2174210.8039999995)
,Quaternary_alluvial,558991.1791000003,2175963.6721,2570.0,POINT (558991.1791000003 2175963.6721)
,Quaternary_alluvial,558810.9767000005,2177280.9078,2582.0,POINT (558810.9767000005 2177280.9078)
0.0,Quaternary_alluvial,559281.03,2177500.75,2575.71,POINT (559281.03 2177500.75)
,Quaternary_alluvial,556872.6338999998,2178752.807600001,2492.0,POINT (556872.6338999998 2178752.807600001)
,Quaternary_alluvial,552033.7185000004,2175295.909499999,2493.0,POINT (552033.7185000004 2175295.909499999)
,Quaternary_alluvial,550853.7998000002,2175991.1666,2475.0,POINT (550853.7998000002 2175991.1666)
,Quaternary_alluvial,552176.8598999996,2177048.5692,2482.0,POINT (552176.8598999996 2177048.5692)
0.0,Quaternary_alluvial,552073.62,2177500.75,2065.01,POINT (552073.62 2177500.75)
0.0,Paleogene_Volcanic,552569.26,2177500.75,-128.1,POINT (552569.26 2177500.75)
0.0,Quaternary_alluvial,553481.31,2177500.75,2487.44,POINT (553481.31 2177500.75)
0.0,Paleogene_Volcanic,552170.86,2177500.75,-128.1,POINT (552170.86 2177500.75)
0.0,Paleogene_Volcanic,553477.24,2177500.75,316.11,POINT (553477.24 2177500.75)
0.0,ATF,554088.74,2177500.75,2494.1,POINT (554088.74 2177500.75)
0.0,Neogene_Volcanic,553956.74,2177500.75,1437.65,POINT (553956.74 2177500.75)
0.0,Neogene_Volcanic,562526.51,2177500.75,1444.3,POINT (562526.51 2177500.75)
0.0,Quaternary_alluvial,562707.64,2177500.75,2293.86,POINT (562707.64 2177500.75)
0.0,Neogene_Volcanic,562731.04,2177500.75,1444.46,POINT (562731.04 2177500.75)
,F1,562867.27,2177500.75,2563.0,POINT (562867.27 2177500.75)
0.0,Quaternary_alluvial,562951.93,2177500.75,2480.49,POINT (562951.93 2177500.75)
0.0,Quaternary_alluvial,563051.35,2177500.75,2565.57,POINT (563051.35 2177500.75)
0.0,Quaternary_alluvial,559906.35,2177500.75,2275.35,POINT (559906.35 2177500.75)
0.0,Quaternary_alluvial,564605.78,2177500.75,2578.63,POINT (564605.78 2177500.75)
0.0,Quaternary_alluvial,564676.8,2177500.75,2423.52,POINT (564676.8 2177500.75)
0.0,Quaternary_alluvial,565113.36,2177500.75,2455.27,POINT (565113.36 2177500.75)
0.0,Neogene_Volcanic,553212.97,2177500.75,1072.41,POINT (553212.97 2177500.75)
0.0,Quaternary_alluvial,551279.87,2177500.75,1985.63,POINT (551279.87 2177500.75)
0.0,Neogene_Volcanic,553635.61,2177500.75,1437.4,POINT (553635.61 2177500.75)
0.0,Cretaceous_limestone,551823.59,2177500.75,-1000.0,POINT (551823.59 2177500.75)
0.0,Neogene_Volcanic,552733.1,2177500.75,1072.41,POINT (552733.1 2177500.75)
0.0,Cretaceous_limestone,552328.69,2177500.75,-1000.0,POINT (552328.69 2177500.75)
0.0,Paleogene_Volcanic,553034.38,2177500.75,316.11,POINT (553034.38 2177500.75)
0.0,Quaternary_alluvial,553026.12,2177500.75,2144.38,POINT (553026.12 2177500.75)
0.0,Cretaceous_limestone,552115.23,2177500.75,-1000.0,POINT (552115.23 2177500.75)
0.0,Cretaceous_limestone,553014.22,2177500.75,-1000.0,POINT (553014.22 2177500.75)
0.0,Quaternary_alluvial,565151.48,2177500.75,2578.75,POINT (565151.48 2177500.75)
0.0,Quaternary_alluvial,564946.68,2177500.75,2399.71,POINT (564946.68 2177500.75)
0.0,Quaternary_alluvial,561549.42,2177500.75,2219.79,POINT (561549.42 2177500.75)
0.0,Cretaceous_limestone,562005.38,2177500.75,-1000.0,POINT (562005.38 2177500.75)
0.0,Cretaceous_limestone,562209.88,2177500.75,-1000.0,POINT (562209.88 2177500.75)
0.0,Paleogene_Volcanic,562285.98,2177500.75,316.11,POINT (562285.98 2177500.75)
,Quaternary_alluvial,565285.1246999996,2177654.836100001,2586.0,POINT (565285.1246999996 2177654.836100001)
,Quaternary_alluvial,564644.1254000003,2177800.2895,2581.0,POINT (564644.1254000003 2177800.2895)
,Quaternary_alluvial,562280.4002,2178299.810900001,2573.0,POINT (562280.4002 2178299.810900001)
0.0,Neogene_Volcanic,563835.68,2182500.75,1735.51,POINT (563835.68 2182500.75)
,Quaternary_alluvial,557435.7748999996,2181687.0854,2500.0,POINT (557435.7748999996 2181687.0854)
,Quaternary_alluvial,555200.7167999996,2182454.9432,2480.0,POINT (555200.7167999996 2182454.9432)
0.0,Paleogene_Volcanic,557994.49,2182500.75,303.77,POINT (557994.49 2182500.75)
0.0,Quaternary_alluvial,555140.01,2182500.75,2480.14,POINT (555140.01 2182500.75)
0.0,Paleogene_Volcanic,557221.77,2182500.75,166.71,POINT (557221.77 2182500.75)
0.0,Cretaceous_limestone,557081.95,2182500.75,-1000.0,POINT (557081.95 2182500.75)
0.0,Quaternary_volcanic,555349.36,2182500.75,2258.06,POINT (555349.36 2182500.75)
0.0,Quaternary_volcanic,555359.68,2182500.75,2271.62,POINT (555359.68 2182500.75)
0.0,Quaternary_alluvial,555369.8,2182500.75,2262.02,POINT (555369.8 2182500.75)
0.0,Neogene_Volcanic,558337.85,2182500.75,1367.38,POINT (558337.85 2182500.75)
0.0,Paleogene_Volcanic,558730.07,2182500.75,302.12,POINT (558730.07 2182500.75)
0.0,Neogene_Volcanic,558762.19,2182500.75,1735.51,POINT (558762.19 2182500.75)
0.0,Quaternary_alluvial,558260.11,2182500.75,2495.57,POINT (558260.11 2182500.75)
0.0,Quaternary_alluvial,555674.07,2182500.75,2195.87,POINT (555674.07 2182500.75)
0.0,Cretaceous_limestone,558126.65,2182500.75,-1000.0,POINT (558126.65 2182500.75)
0.0,ATF,559078.77,2182500.75,2537.56,POINT (559078.77 2182500.75)
0.0,Neogene_Volcanic,557999.59,2182500.75,1366.93,POINT (557999.59 2182500.75)
0.0,Neogene_Volcanic,559285.52,2182500.75,1735.51,POINT (559285.52 2182500.75)
0.0,Paleogene_Volcanic,557694.07,2182500.75,166.71,POINT (557694.07 2182500.75)
0.0,Cretaceous_limestone,556539.14,2182500.75,-1000.0,POINT (556539.14 2182500.75)
,Quaternary_alluvial,552982.4243999999,2182050.9442,2474.0,POINT (552982.4243999999 2182050.9442)
0.0,Quaternary_volcanic,552644.69,2182500.75,2112.6,POINT (552644.69 2182500.75)
0.0,Neogene_Volcanic,550950.44,2182500.75,1359.78,POINT (550950.44 2182500.75)
0.0,Quaternary_volcanic,554167.26,2182500.75,2097.97,POINT (554167.26 2182500.75)
0.0,Paleogene_Volcanic,550884.3,2182500.75,166.71,POINT (550884.3 2182500.75)
0.0,Quaternary_volcanic,551279.87,2182500.75,1985.63,POINT (551279.87 2182500.75)
0.0,Neogene_Volcanic,552604.09,2182500.75,1359.78,POINT (552604.09 2182500.75)
0.0,Paleogene_Volcanic,552438.73,2182500.75,166.71,POINT (552438.73 2182500.75)
0.0,Neogene_Volcanic,551711.53,2187500.75,1366.64,POINT (551711.53 2187500.75)
0.0,Paleogene_Volcanic,551314.63,2187500.75,170.47,POINT (551314.63 2187500.75)
0.0,Quaternary_volcanic,554849.89,2182500.75,2161.47,POINT (554849.89 2182500.75)
0.0,Quaternary_alluvial,557975.95,2182500.75,2248.79,POINT (557975.95 2182500.75)
0.0,Quaternary_alluvial,557354.18,2182500.75,2169.41,POINT (557354.18 2182500.75)
0.0,Cretaceous_limestone,557295.42,2182500.75,-1000.0,POINT (557295.42 2182500.75)
,Quaternary_alluvial,558458.1492999997,2183083.248400001,2489.0,POINT (558458.1492999997 2183083.248400001)
,Quaternary_alluvial,555844.9910000004,2183353.8313,2493.0,POINT (555844.9910000004 2183353.8313)
,Quaternary_alluvial,555409.7227999996,2183960.0331999995,2512.0,POINT (555409.7227999996 2183960.0331999995)
,Quaternary_alluvial,555811.6564999996,2185028.721000001,2539.0,POINT (555811.6564999996 2185028.721000001)
,Quaternary_alluvial,559709.7499000002,2185110.9217000008,2500.0,POINT (559709.7499000002 2185110.9217000008)
0.0,Paleogene_Volcanic,555665.74,2187500.75,166.71,POINT (555665.74 2187500.75)
,Quaternary_alluvial,560209.3004999999,2183864.6082000006,2553.0,POINT (560209.3004999999 2183864.6082000006)
,Quaternary_alluvial,560455.6876999997,2184520.6994000003,2562.0,POINT (560455.6876999997 2184520.6994000003)
,Quaternary_volcanic,560819.9197000004,2186086.375,2524.0,POINT (560819.9197000004 2186086.375)
,Quaternary_alluvial,560819.9197000004,2186086.375,2524.0,POINT (560819.9197000004 2186086.375)
,Quaternary_alluvial,559978.9848999996,2186875.7818,2498.0,POINT (559978.9848999996 2186875.7818)
0.0,Neogene_Volcanic,561478.38,2187500.75,1359.78,POINT (561478.38 2187500.75)
0.0,Quaternary_alluvial,560007.27,2187500.75,2291.29,POINT (560007.27 2187500.75)
0.0,Neogene_Volcanic,562195.96,2187500.75,1590.83,POINT (562195.96 2187500.75)
0.0,ATF,562255.41,2187500.75,2597.33,POINT (562255.41 2187500.75)
0.0,Quaternary_volcanic,565400.8,2187500.75,2643.51,POINT (565400.8 2187500.75)
,ChF,582980.09,2181022.93,2787.0,POINT (582980.09 2181022.93)
0.0,Paleogene_Volcanic,582980.09,2182500.75,247.58,POINT (582980.09 2182500.75)
0.0,Paleogene_Volcanic,579382.55,2182500.75,255.67,POINT (579382.55 2182500.75)
0.0,Cretaceous_limestone,582980.09,2182500.75,-1000.0,POINT (582980.09 2182500.75)
0.0,Neogene_Volcanic,582980.09,2182500.75,1802.8,POINT (582980.09 2182500.75)
0.0,Cretaceous_limestone,579530.12,2182500.75,-1000.0,POINT (579530.12 2182500.75)
0.0,Neogene_Volcanic,582980.09,2182500.77,1802.8,POINT (582980.09 2182500.77)
0.0,Paleogene_Volcanic,582980.09,2182500.77,247.58,POINT (582980.09 2182500.77)
0.0,Paleogene_Volcanic,582980.09,2183232.72,253.11,POINT (582980.09 2183232.72)
0.0,Paleogene_Volcanic,582980.09,2184015.19,259.03,POINT (582980.09 2184015.19)
0.0,Cretaceous_limestone,577157.9,2182500.75,-1000.0,POINT (577157.9 2182500.75)
0.0,Cretaceous_limestone,573670.36,2182500.75,-1000.0,POINT (573670.36 2182500.75)
0.0,Paleogene_Volcanic,573929.22,2182500.75,267.93,POINT (573929.22 2182500.75)
0.0,Neogene_Volcanic,574809.5,2182500.75,1774.08,POINT (574809.5 2182500.75)
0.0,Paleogene_Volcanic,574809.5,2182500.75,265.95,POINT (574809.5 2182500.75)
0.0,Paleogene_Volcanic,573725.19,2182500.75,268.39,POINT (573725.19 2182500.75)
0.0,Paleogene_Volcanic,576919.67,2182500.75,261.21,POINT (576919.67 2182500.75)
,Quaternary_alluvial,573012.3033999996,2184082.5786000006,2747.0,POINT (573012.3033999996 2184082.5786000006)
,Quaternary_alluvial,573929.6820999999,2184235.727499999,2737.0,POINT (573929.6820999999 2184235.727499999)
,Quaternary_alluvial,575163.7713000001,2184560.2546,2764.0,POINT (575163.7713000001 2184560.2546)
,Quaternary_alluvial,572137.4426999995,2182931.003900001,2784.0,POINT (572137.4426999995 2182931.003900001)
,Quaternary_alluvial,570029.6491999999,2183502.715500001,2794.0,POINT (570029.6491999999 2183502.715500001)
,Quaternary_alluvial,568450.1260000002,2183693.5407,2786.0,POINT (568450.1260000002 2183693.5407)
,Quaternary_alluvial,572042.6188000003,2183943.1627,2778.0,POINT (572042.6188000003 2183943.1627)
,Quaternary_alluvial,569863.4155000001,2184102.6446,2791.0,POINT (569863.4155000001 2184102.6446)
,Quaternary_alluvial,567633.2368000001,2184171.7851,2758.0,POINT (567633.2368000001 2184171.7851)
,Quaternary_alluvial,571019.9600999998,2184287.4738,2800.0,POINT (571019.9600999998 2184287.4738)
,Quaternary_alluvial,569010.7551999995,2184643.3456,2785.0,POINT (569010.7551999995 2184643.3456)
,Quaternary_alluvial,571480.9014999997,2185045.809800001,2754.0,POINT (571480.9014999997 2185045.809800001)
,Quaternary_alluvial,568343.3216000004,2186339.4317000005,2763.0,POINT (568343.3216000004 2186339.4317000005)
0.0,Neogene_Volcanic,582980.09,2184094.91,1734.19,POINT (582980.09 2184094.91)
0.0,Paleogene_Volcanic,582980.09,2184215.57,260.54,POINT (582980.09 2184215.57)
,F2,582980.09,2184261.03,2955.0,POINT (582980.09 2184261.03)
0.0,Neogene_Volcanic,582980.09,2184294.74,1725.59,POINT (582980.09 2184294.74)
0.0,Neogene_Volcanic,582980.09,2186266.03,1640.75,POINT (582980.09 2186266.03)
,F1,582980.09,2186268.56,2733.0,POINT (582980.09 2186268.56)
0.0,Paleogene_Volcanic,582980.09,2186388.23,276.97,POINT (582980.09 2186388.23)
0.0,Neogene_Volcanic,582980.09,2186467.61,1632.07,POINT (582980.09 2186467.61)
0.0,Paleogene_Volcanic,582980.09,2186588.89,278.49,POINT (582980.09 2186588.89)
0.0,Neogene_Volcanic,579974.95,2187447.0,1212.67,POINT (579974.95 2187447)
,Quaternary_alluvial,574222.9521000003,2186065.8857000005,2767.0,POINT (574222.9521000003 2186065.8857000005)
0.0,Paleogene_Volcanic,577868.09,2186680.1,552.51,POINT (577868.09 2186680.1)
0.0,Cretaceous_limestone,577868.09,2186680.1,-1000.0,POINT (577868.09 2186680.1)
0.0,Neogene_Volcanic,577868.09,2186680.1,1377.74,POINT (577868.09 2186680.1)
0.0,Quaternary_alluvial,573950.46,2187500.75,2789.25,POINT (573950.46 2187500.75)
0.0,Paleogene_Volcanic,574809.5,2187500.75,285.39,POINT (574809.5 2187500.75)
0.0,Quaternary_alluvial,575261.21,2187500.75,2785.14,POINT (575261.21 2187500.75)
0.0,Neogene_Volcanic,574809.5,2187500.75,1588.87,POINT (574809.5 2187500.75)
0.0,Quaternary_alluvial,575052.97,2187500.75,2510.29,POINT (575052.97 2187500.75)
0.0,Quaternary_alluvial,574054.93,2187500.75,2506.66,POINT (574054.93 2187500.75)
,Quaternary_alluvial,566118.7071000002,2186455.1931,2754.0,POINT (566118.7071000002 2186455.1931)
,Quaternary_alluvial,567753.3117000004,2187143.8995,2634.0,POINT (567753.3117000004 2187143.8995)
,Quaternary_alluvial,568691.0780999996,2187361.252800001,2656.0,POINT (568691.0780999996 2187361.252800001)
,Quaternary_volcanic,568691.0780999996,2187361.252800001,2656.0,POINT (568691.0780999996 2187361.252800001)
0.0,Quaternary_volcanic,565734.31,2187500.75,2139.58,POINT (565734.31 2187500.75)
0.0,Quaternary_volcanic,568123.02,2187500.75,2167.5,POINT (568123.02 2187500.75)
0.0,Quaternary_alluvial,565891.4,2187500.75,2506.03,POINT (565891.4 2187500.75)
0.0,Quaternary_alluvial,566070.0,2187500.75,2479.57,POINT (566070 2187500.75)
0.0,Quaternary_volcanic,568778.71,2187500.75,2651.86,POINT (568778.71 2187500.75)
0.0,Quaternary_alluvial,566764.53,2187500.75,2472.96,POINT (566764.53 2187500.75)
0.0,Neogene_Volcanic,580711.55,2187500.75,1587.96,POINT (580711.55 2187500.75)
0.0,Neogene_Volcanic,580804.87,2187500.75,1587.94,POINT (580804.87 2187500.75)
0.0,Neogene_Volcanic,581008.38,2187500.75,1587.91,POINT (581008.38 2187500.75)
0.0,Paleogene_Volcanic,581049.87,2187500.75,285.39,POINT (581049.87 2187500.75)
0.0,Cretaceous_limestone,581291.65,2187500.75,-1000.0,POINT (581291.65 2187500.75)
0.0,Cretaceous_limestone,581495.16,2187500.75,-1000.0,POINT (581495.16 2187500.75)
0.0,Paleogene_Volcanic,581253.38,2187500.75,285.39,POINT (581253.38 2187500.75)
0.0,Cretaceous_limestone,582980.09,2187500.75,-1000.0,POINT (582980.09 2187500.75)
0.0,Paleogene_Volcanic,582980.09,2187500.75,285.39,POINT (582980.09 2187500.75)
0.0,Neogene_Volcanic,582980.09,2187500.75,1587.61,POINT (582980.09 2187500.75)
,HF,580637.07,2187500.75,3021.0,POINT (580637.07 2187500.75)
0.0,Neogene_Volcanic,580711.55,2187500.75,1587.96,POINT (580711.55 2187500.75)
0.0,Neogene_Volcanic,582980.09,2187500.77,1587.61,POINT (582980.09 2187500.77)
0.0,Paleogene_Volcanic,582980.09,2187500.77,285.39,POINT (582980.09 2187500.77)
0.0,Paleogene_Volcanic,580309.05,2187568.61,677.7,POINT (580309.05 2187568.61)
,HF,580858.47,2187768.6,3054.0,POINT (580858.47 2187768.6)
0.0,Neogene_Volcanic,581252.94,2187912.19,1212.67,POINT (581252.94 2187912.19)
0.0,Paleogene_Volcanic,581395.93,2187964.24,677.7,POINT (581395.93 2187964.24)
0.0,Neogene_Volcanic,581448.33,2187983.31,1212.67,POINT (581448.33 2187983.31)
0.0,Paleogene_Volcanic,581591.33,2188035.36,677.7,POINT (581591.33 2188035.36)
0.0,Quaternary_alluvial,566327.97,2187500.75,2466.34,POINT (566327.97 2187500.75)
0.0,Quaternary_volcanic,568525.36,2187500.75,2318.38,POINT (568525.36 2187500.75)
0.0,Quaternary_alluvial,566817.34,2187500.75,2621.88,POINT (566817.34 2187500.75)
0.0,Quaternary_alluvial,566559.48,2187500.75,2472.96,POINT (566559.48 2187500.75)
0.0,Quaternary_volcanic,566940.81,2187500.75,2171.33,POINT (566940.81 2187500.75)
0.0,Quaternary_alluvial,565706.19,2187500.75,2532.49,POINT (565706.19 2187500.75)
,Quaternary_volcanic,565904.2026000004,2188193.3763999995,2598.0,POINT (565904.2026000004 2188193.3763999995)
,Quaternary_alluvial,565904.2026000004,2188193.3763999995,2598.0,POINT (565904.2026000004 2188193.3763999995)
,Quaternary_volcanic,570320.3569999998,2188550.987400001,2700.0,POINT (570320.3569999998 2188550.987400001)
0.0,Neogene_Volcanic,567888.41,2188569.35,1893.98,POINT (567888.41 2188569.35)
0.0,Cretaceous_limestone,581844.37,2188127.47,-1000.0,POINT (581844.37 2188127.47)
0.0,Cretaceous_limestone,582039.76,2188198.59,-1000.0,POINT (582039.76 2188198.59)
0.0,Paleogene_Volcanic,582980.09,2188540.87,672.24,POINT (582980.09 2188540.87)
0.0,Neogene_Volcanic,582980.09,2188540.87,1207.21,POINT (582980.09 2188540.87)
0.0,Cretaceous_limestone,547209.5,2182500.75,-1000.0,POINT (547209.5 2182500.75)
0.0,Quaternary_volcanic,547209.5,2182500.75,1737.65,POINT (547209.5 2182500.75)
0.0,Neogene_Volcanic,549004.48,2182500.75,1359.78,POINT (549004.48 2182500.75)
0.0,Neogene_Volcanic,547209.5,2187500.75,1374.37,POINT (547209.5 2187500.75)
0.0,Neogene_Volcanic,547209.5,2187500.75,1374.37,POINT (547209.5 2187500.75)
0.0,Quaternary_volcanic,547209.5,2187500.75,1918.89,POINT (547209.5 2187500.75)
0.0,Paleogene_Volcanic,547209.5,2187500.75,174.02,POINT (547209.5 2187500.75)
0.0,Quaternary_volcanic,547209.5,2187500.75,1918.89,POINT (547209.5 2187500.75)
0.0,Cretaceous_limestone,547209.5,2187500.75,-1000.0,POINT (547209.5 2187500.75)
0.0,Cretaceous_limestone,547209.5,2187500.75,-1000.0,POINT (547209.5 2187500.75)
0.0,Paleogene_Volcanic,547209.5,2187500.75,174.02,POINT (547209.5 2187500.75)
0.0,Quaternary_volcanic,548066.69,2188850.48,2032.58,POINT (548066.69 2188850.48)
0.0,Cretaceous_limestone,548066.69,2188850.48,-1000.0,POINT (548066.69 2188850.48)
0.0,Neogene_Volcanic,548066.69,2188850.48,1769.21,POINT (548066.69 2188850.48)
0.0,Paleogene_Volcanic,548066.69,2188850.48,0.0,POINT (548066.69 2188850.48)
0.0,Quaternary_alluvial,548157.38,2188994.98,2474.64,POINT (548157.38 2188994.98)
0.0,Quaternary_alluvial,548198.72,2189060.83,2347.39,POINT (548198.72 2189060.83)
0.0,Quaternary_alluvial,548278.89,2189188.57,2339.45,POINT (548278.89 2189188.57)
0.0,Quaternary_alluvial,548413.92,2189403.7,2339.45,POINT (548413.92 2189403.7)
,Quaternary_alluvial,549276.7976000002,2189493.5604,2489.0,POINT (549276.7976000002 2189493.5604)
0.0,Quaternary_alluvial,544479.2,2187500.75,2196.8,POINT (544479.2 2187500.75)
0.0,Paleogene_Volcanic,561608.59,2187500.75,285.39,POINT (561608.59 2187500.75)
0.0,Cretaceous_limestone,560226.55,2187500.75,-1000.0,POINT (560226.55 2187500.75)
0.0,Quaternary_alluvial,560261.93,2187500.75,2525.13,POINT (560261.93 2187500.75)
0.0,Paleogene_Volcanic,560338.59,2187500.75,166.71,POINT (560338.59 2187500.75)
0.0,Cretaceous_limestone,560440.01,2187500.75,-1000.0,POINT (560440.01 2187500.75)
0.0,Quaternary_alluvial,565361.94,2187500.75,2679.4,POINT (565361.94 2187500.75)
0.0,Quaternary_volcanic,560703.94,2187500.75,1918.89,POINT (560703.94 2187500.75)
0.0,Quaternary_alluvial,565520.98,2187500.75,2532.49,POINT (565520.98 2187500.75)
0.0,Paleogene_Volcanic,560838.66,2187500.75,166.71,POINT (560838.66 2187500.75)
0.0,Neogene_Volcanic,560846.59,2187500.75,1359.78,POINT (560846.59 2187500.75)
0.0,Paleogene_Volcanic,561129.23,2187500.75,285.39,POINT (561129.23 2187500.75)
0.0,Cretaceous_limestone,561179.97,2187500.75,-1000.0,POINT (561179.97 2187500.75)
0.0,Quaternary_volcanic,561195.36,2187500.75,1926.11,POINT (561195.36 2187500.75)
0.0,Quaternary_volcanic,561786.7,2187500.75,1934.81,POINT (561786.7 2187500.75)
0.0,Neogene_Volcanic,561829.23,2187500.75,1590.89,POINT (561829.23 2187500.75)
,Quaternary_alluvial,560186.1881999997,2187659.0701,2537.0,POINT (560186.1881999997 2187659.0701)
,Quaternary_volcanic,562834.7204999998,2187740.8285000008,2594.0,POINT (562834.7204999998 2187740.8285000008)
,Quaternary_volcanic,562431.2301000003,2188633.7990000006,2600.0,POINT (562431.2301000003 2188633.7990000006)
,Quaternary_volcanic,563249.6585999997,2189063.6898,2597.0,POINT (563249.6585999997 2189063.6898)
,Quaternary_alluvial,563249.6585999997,2189063.6898,2597.0,POINT (563249.6585999997 2189063.6898)
0.0,Quaternary_alluvial,558039.42,2187500.75,2513.21,POINT (558039.42 2187500.75)
0.0,Neogene_Volcanic,555705.42,2187500.75,1359.78,POINT (555705.42 2187500.75)
0.0,Quaternary_alluvial,559266.43,2187500.75,2291.29,POINT (559266.43 2187500.75)
0.0,Cretaceous_limestone,559576.59,2187500.75,-1000.0,POINT (559576.59 2187500.75)
0.0,Quaternary_alluvial,558261.02,2187500.75,2323.04,POINT (558261.02 2187500.75)
,Quaternary_alluvial,558097.1420999998,2187685.9717999995,2524.0,POINT (558097.1420999998 2187685.9717999995)
0.0,Quaternary_alluvial,563587.27,2189464.61,2436.99,POINT (563587.27 2189464.61)
0.0,Quaternary_volcanic,563561.66,2189469.94,2288.62,POINT (563561.66 2189469.94)
0.0,ATF,563513.87,2189479.88,2587.68,POINT (563513.87 2189479.88)
0.0,Neogene_Volcanic,563462.31,2189490.62,1713.12,POINT (563462.31 2189490.62)
0.0,Quaternary_alluvial,563388.19,2189506.04,2435.5,POINT (563388.19 2189506.04)
0.0,Quaternary_alluvial,563386.67,2189506.36,2435.49,POINT (563386.67 2189506.36)
0.0,Quaternary_volcanic,563344.56,2189515.12,2182.77,POINT (563344.56 2189515.12)
0.0,Cretaceous_limestone,563295.85,2189525.26,-1000.0,POINT (563295.85 2189525.26)
0.0,Quaternary_alluvial,563292.62,2189525.94,2586.27,POINT (563292.62 2189525.94)
0.0,Paleogene_Volcanic,563283.57,2189527.82,677.7,POINT (563283.57 2189527.82)
0.0,Quaternary_volcanic,551909.76,2187500.75,1918.89,POINT (551909.76 2187500.75)
,Quaternary_volcanic,554155.4999000002,2189573.976399999,2590.0,POINT (554155.4999000002 2189573.976399999)
,Quaternary_volcanic,551179.6623,2189989.7136000004,2600.0,POINT (551179.6623 2189989.7136000004)
0.0,Neogene_Volcanic,563243.71,2189536.12,1598.55,POINT (563243.71 2189536.12)
0.0,Quaternary_volcanic,563220.77,2189540.89,2160.1,POINT (563220.77 2189540.89)
0.0,Quaternary_volcanic,563046.35,2189577.2,2128.16,POINT (563046.35 2189577.2)
0.0,Paleogene_Volcanic,562998.59,2189587.14,178.58,POINT (562998.59 2189587.14)
0.0,Cretaceous_limestone,562993.95,2189588.1,-1000.0,POINT (562993.95 2189588.1)
0.0,Neogene_Volcanic,562859.96,2189615.99,1627.9,POINT (562859.96 2189615.99)
0.0,Cretaceous_limestone,562796.72,2189629.15,-1000.0,POINT (562796.72 2189629.15)
0.0,Paleogene_Volcanic,562664.03,2189656.77,181.54,POINT (562664.03 2189656.77)
0.0,Cretaceous_limestone,562580.92,2189674.07,-1000.0,POINT (562580.92 2189674.07)
0.0,Quaternary_volcanic,562572.49,2189675.83,2081.36,POINT (562572.49 2189675.83)
0.0,Quaternary_alluvial,548578.49,2189665.9,2379.14,POINT (548578.49 2189665.9)
0.0,Neogene_Volcanic,548586.16,2189678.12,1785.08,POINT (548586.16 2189678.12)
0.0,Quaternary_volcanic,548624.04,2189738.48,2101.37,POINT (548624.04 2189738.48)
0.0,Quaternary_alluvial,548651.3,2189781.91,2531.63,POINT (548651.3 2189781.91)
0.0,Neogene_Volcanic,562148.32,2189764.11,1682.32,POINT (562148.32 2189764.11)
0.0,Quaternary_volcanic,560856.4,2190033.02,2180.58,POINT (560856.4 2190033.02)
0.0,Neogene_Volcanic,560846.69,2190035.04,1609.56,POINT (560846.69 2190035.04)
,Quaternary_alluvial,564719.8805,2190151.8489,2584.0,POINT (564719.8805 2190151.8489)
0.0,Paleogene_Volcanic,567888.41,2188569.35,677.7,POINT (567888.41 2188569.35)
0.0,Cretaceous_limestone,567888.41,2188569.35,-1000.0,POINT (567888.41 2188569.35)
0.0,Quaternary_volcanic,567888.41,2188569.35,2558.94,POINT (567888.41 2188569.35)
0.0,Quaternary_volcanic,567671.26,2188614.55,2555.9,POINT (567671.26 2188614.55)
0.0,Quaternary_volcanic,567138.18,2188725.51,2533.68,POINT (567138.18 2188725.51)
0.0,Quaternary_volcanic,566440.16,2188870.8,2598.23,POINT (566440.16 2188870.8)
0.0,Neogene_Volcanic,566325.22,2188894.72,1768.31,POINT (566325.22 2188894.72)
0.0,Quaternary_alluvial,565802.03,2189003.62,2593.84,POINT (565802.03 2189003.62)
0.0,Quaternary_volcanic,565802.03,2189003.62,2593.84,POINT (565802.03 2189003.62)
0.0,Quaternary_volcanic,565698.22,2189025.23,2494.79,POINT (565698.22 2189025.23)
0.0,Quaternary_volcanic,565480.63,2189070.52,2455.1,POINT (565480.63 2189070.52)
0.0,Neogene_Volcanic,565418.61,2189083.43,1655.86,POINT (565418.61 2189083.43)
0.0,Quaternary_volcanic,565232.58,2189122.15,2408.61,POINT (565232.58 2189122.15)
0.0,Quaternary_alluvial,564930.7,2189184.98,2473.62,POINT (564930.7 2189184.98)
0.0,Neogene_Volcanic,564576.75,2189258.65,1748.46,POINT (564576.75 2189258.65)
0.0,Quaternary_volcanic,564118.75,2189353.98,2249.86,POINT (564118.75 2189353.98)
0.0,Neogene_Volcanic,563885.99,2189402.43,1726.56,POINT (563885.99 2189402.43)
0.0,Quaternary_volcanic,563763.65,2189427.89,2274.57,POINT (563763.65 2189427.89)
0.0,Quaternary_alluvial,563730.9,2189434.71,2438.07,POINT (563730.9 2189434.71)
0.0,Paleogene_Volcanic,563699.94,2189441.16,677.7,POINT (563699.94 2189441.16)
0.0,Quaternary_alluvial,574751.35,2187500.75,2456.37,POINT (574751.35 2187500.75)
0.0,Quaternary_alluvial,574695.78,2187500.75,2456.37,POINT (574695.78 2187500.75)
0.0,Quaternary_alluvial,574306.39,2187500.75,2456.37,POINT (574306.39 2187500.75)
,Quaternary_alluvial,573908.9808999998,2187565.6680999994,2789.0,POINT (573908.9808999998 2187565.6680999994)
,Quaternary_alluvial,575208.7492000004,2187671.501599999,2784.0,POINT (575208.7492000004 2187671.501599999)
0.0,Paleogene_Volcanic,582980.09,2189779.89,816.35,POINT (582980.09 2189779.89)
0.0,Neogene_Volcanic,582980.09,2189926.19,1413.46,POINT (582980.09 2189926.19)
0.0,Paleogene_Volcanic,582980.09,2189991.84,841.0,POINT (582980.09 2189991.84)
0.0,Neogene_Volcanic,582980.09,2190139.91,1445.28,POINT (582980.09 2190139.91)
,Quaternary_volcanic,566998.5010000002,2189575.9169,2598.0,POINT (566998.5010000002 2189575.9169)
,Quaternary_alluvial,565669.5566999996,2190053.5274,2591.0,POINT (565669.5566999996 2190053.5274)
