Id,formation,X,Y,Z,geometry
,Quaternary_alluvial,544768.8388999999,2185243.7904000003,2466.0,POINT (544768.8388999999 2185243.7904000003)
,Quaternary_alluvial,544561.1786000002,2187393.4865000006,2445.0,POINT (544561.1786000002 2187393.4865000006)
0.0,Quaternary_alluvial,544789.07,2187500.75,2451.05,POINT (544789.07 2187500.75)
0.0,Neogene_Volcanic,551711.53,2187500.75,1366.64,POINT (551711.53 2187500.75)
0.0,Paleogene_Volcanic,551314.63,2187500.75,170.47,POINT (551314.63 2187500.75)
,Quaternary_alluvial,555409.7227999996,2183960.0331999995,2512.0,POINT (555409.7227999996 2183960.0331999995)
,Quaternary_alluvial,555811.6564999996,2185028.721000001,2539.0,POINT (555811.6564999996 2185028.721000001)
,Quaternary_alluvial,559709.7499000002,2185110.9217000008,2500.0,POINT (559709.7499000002 2185110.9217000008)
0.0,Paleogene_Volcanic,555665.74,2187500.75,166.71,POINT (555665.74 2187500.75)
,Quaternary_alluvial,560209.3004999999,2183864.6082000006,2553.0,POINT (560209.3004999999 2183864.6082000006)
,Quaternary_alluvial,560455.6876999997,2184520.6994000003,2562.0,POINT (560455.6876999997 2184520.6994000003)
,Quaternary_volcanic,560819.9197000004,2186086.375,2524.0,POINT (560819.9197000004 2186086.375)
,Quaternary_alluvial,560819.9197000004,2186086.375,2524.0,POINT (560819.9197000004 2186086.375)
,Quaternary_alluvial,559978.9848999996,2186875.7818,2498.0,POINT (559978.9848999996 2186875.7818)
0.0,Neogene_Volcanic,561478.38,2187500.75,1359.78,POINT (561478.38 2187500.75)
0.0,Quaternary_alluvial,560007.27,2187500.75,2291.29,POINT (560007.27 2187500.75)
0.0,Neogene_Volcanic,562195.96,2187500.75,1590.83,POINT (562195.96 2187500.75)
0.0,ATF,562255.41,2187500.75,2597.33,POINT (562255.41 2187500.75)
0.0,Quaternary_volcanic,565400.8,2187500.75,2643.51,POINT (565400.8 2187500.75)
0.0,Paleogene_Volcanic,582980.09,2184015.19,259.03,POINT (582980.09 2184015.19)
,Quaternary_alluvial,573012.3033999996,2184082.5786000006,2747.0,POINT (573012.3033999996 2184082.5786000006)
,Quaternary_alluvial,573929.6820999999,2184235.727499999,2737.0,POINT (573929.6820999999 2184235.727499999)
,Quaternary_alluvial,575163.7713000001,2184560.2546,2764.0,POINT (575163.7713000001 2184560.2546)
,Quaternary_alluvial,572042.6188000003,2183943.1627,2778.0,POINT (572042.6188000003 2183943.1627)
,Quaternary_alluvial,569863.4155000001,2184102.6446,2791.0,POINT (569863.4155000001 2184102.6446)
,Quaternary_alluvial,567633.2368000001,2184171.7851,2758.0,POINT (567633.2368000001 2184171.7851)
,Quaternary_alluvial,571019.9600999998,2184287.4738,2800.0,POINT (571019.9600999998 2184287.4738)
,Quaternary_alluvial,569010.7551999995,2184643.3456,2785.0,POINT (569010.7551999995 2184643.3456)
,Quaternary_alluvial,571480.9014999997,2185045.809800001,2754.0,POINT (571480.9014999997 2185045.809800001)
,Quaternary_alluvial,568343.3216000004,2186339.4317000005,2763.0,POINT (568343.3216000004 2186339.4317000005)
0.0,Neogene_Volcanic,582980.09,2184094.91,1734.19,POINT (582980.09 2184094.91)
0.0,Paleogene_Volcanic,582980.09,2184215.57,260.54,POINT (582980.09 2184215.57)
,F2,582980.09,2184261.03,2955.0,POINT (582980.09 2184261.03)
0.0,Neogene_Volcanic,582980.09,2184294.74,1725.59,POINT (582980.09 2184294.74)
0.0,Neogene_Volcanic,582980.09,2186266.03,1640.75,POINT (582980.09 2186266.03)
,F1,582980.09,2186268.56,2733.0,POINT (582980.09 2186268.56)
0.0,Paleogene_Volcanic,582980.09,2186388.23,276.97,POINT (582980.09 2186388.23)
0.0,Neogene_Volcanic,582980.09,2186467.61,1632.07,POINT (582980.09 2186467.61)
0.0,Paleogene_Volcanic,582980.09,2186588.89,278.49,POINT (582980.09 2186588.89)
0.0,Neogene_Volcanic,579974.95,2187447.0,1212.67,POINT (579974.95 2187447)
,Quaternary_alluvial,574222.9521000003,2186065.8857000005,2767.0,POINT (574222.9521000003 2186065.8857000005)
0.0,Paleogene_Volcanic,577868.09,2186680.1,552.51,POINT (577868.09 2186680.1)
0.0,Cretaceous_limestone,577868.09,2186680.1,-1000.0,POINT (577868.09 2186680.1)
0.0,Neogene_Volcanic,577868.09,2186680.1,1377.74,POINT (577868.09 2186680.1)
0.0,Quaternary_alluvial,573950.46,2187500.75,2789.25,POINT (573950.46 2187500.75)
0.0,Paleogene_Volcanic,574809.5,2187500.75,285.39,POINT (574809.5 2187500.75)
0.0,Quaternary_alluvial,575261.21,2187500.75,2785.14,POINT (575261.21 2187500.75)
0.0,Neogene_Volcanic,574809.5,2187500.75,1588.87,POINT (574809.5 2187500.75)
0.0,Quaternary_alluvial,575052.97,2187500.75,2510.29,POINT (575052.97 2187500.75)
0.0,Quaternary_alluvial,574054.93,2187500.75,2506.66,POINT (574054.93 2187500.75)
,Quaternary_alluvial,566118.7071000002,2186455.1931,2754.0,POINT (566118.7071000002 2186455.1931)
,Quaternary_alluvial,567753.3117000004,2187143.8995,2634.0,POINT (567753.3117000004 2187143.8995)
,Quaternary_alluvial,568691.0780999996,2187361.252800001,2656.0,POINT (568691.0780999996 2187361.252800001)
,Quaternary_volcanic,568691.0780999996,2187361.252800001,2656.0,POINT (568691.0780999996 2187361.252800001)
0.0,Quaternary_volcanic,565734.31,2187500.75,2139.58,POINT (565734.31 2187500.75)
0.0,Quaternary_volcanic,568123.02,2187500.75,2167.5,POINT (568123.02 2187500.75)
0.0,Quaternary_alluvial,565891.4,2187500.75,2506.03,POINT (565891.4 2187500.75)
0.0,Quaternary_alluvial,566070.0,2187500.75,2479.57,POINT (566070 2187500.75)
0.0,Quaternary_volcanic,568778.71,2187500.75,2651.86,POINT (568778.71 2187500.75)
0.0,Quaternary_alluvial,566764.53,2187500.75,2472.96,POINT (566764.53 2187500.75)
0.0,Neogene_Volcanic,580711.55,2187500.75,1587.96,POINT (580711.55 2187500.75)
0.0,Neogene_Volcanic,580804.87,2187500.75,1587.94,POINT (580804.87 2187500.75)
0.0,Neogene_Volcanic,581008.38,2187500.75,1587.91,POINT (581008.38 2187500.75)
0.0,Paleogene_Volcanic,581049.87,2187500.75,285.39,POINT (581049.87 2187500.75)
0.0,Cretaceous_limestone,581291.65,2187500.75,-1000.0,POINT (581291.65 2187500.75)
0.0,Cretaceous_limestone,581495.16,2187500.75,-1000.0,POINT (581495.16 2187500.75)
0.0,Paleogene_Volcanic,581253.38,2187500.75,285.39,POINT (581253.38 2187500.75)
0.0,Cretaceous_limestone,582980.09,2187500.75,-1000.0,POINT (582980.09 2187500.75)
0.0,Paleogene_Volcanic,582980.09,2187500.75,285.39,POINT (582980.09 2187500.75)
0.0,Neogene_Volcanic,582980.09,2187500.75,1587.61,POINT (582980.09 2187500.75)
,HF,580637.07,2187500.75,3021.0,POINT (580637.07 2187500.75)
0.0,Neogene_Volcanic,580711.55,2187500.75,1587.96,POINT (580711.55 2187500.75)
0.0,Neogene_Volcanic,582980.09,2187500.77,1587.61,POINT (582980.09 2187500.77)
0.0,Paleogene_Volcanic,582980.09,2187500.77,285.39,POINT (582980.09 2187500.77)
0.0,Paleogene_Volcanic,580309.05,2187568.61,677.7,POINT (580309.05 2187568.61)
,HF,580858.47,2187768.6,3054.0,POINT (580858.47 2187768.6)
0.0,Neogene_Volcanic,581252.94,2187912.19,1212.67,POINT (581252.94 2187912.19)
0.0,Paleogene_Volcanic,581395.93,2187964.24,677.7,POINT (581395.93 2187964.24)
0.0,Neogene_Volcanic,581448.33,2187983.31,1212.67,POINT (581448.33 2187983.31)
0.0,Paleogene_Volcanic,581591.33,2188035.36,677.7,POINT (581591.33 2188035.36)
0.0,Quaternary_alluvial,566327.97,2187500.75,2466.34,POINT (566327.97 2187500.75)
0.0,Quaternary_volcanic,568525.36,2187500.75,2318.38,POINT (568525.36 2187500.75)
0.0,Quaternary_alluvial,566817.34,2187500.75,2621.88,POINT (566817.34 2187500.75)
0.0,Quaternary_alluvial,566559.48,2187500.75,2472.96,POINT (566559.48 2187500.75)
0.0,Quaternary_volcanic,566940.81,2187500.75,2171.33,POINT (566940.81 2187500.75)
0.0,Quaternary_alluvial,565706.19,2187500.75,2532.49,POINT (565706.19 2187500.75)
,Quaternary_volcanic,565904.2026000004,2188193.3763999995,2598.0,POINT (565904.2026000004 2188193.3763999995)
,Quaternary_alluvial,565904.2026000004,2188193.3763999995,2598.0,POINT (565904.2026000004 2188193.3763999995)
,Quaternary_volcanic,570320.3569999998,2188550.987400001,2700.0,POINT (570320.3569999998 2188550.987400001)
0.0,Neogene_Volcanic,567888.41,2188569.35,1893.98,POINT (567888.41 2188569.35)
0.0,Cretaceous_limestone,581844.37,2188127.47,-1000.0,POINT (581844.37 2188127.47)
0.0,Cretaceous_limestone,582039.76,2188198.59,-1000.0,POINT (582039.76 2188198.59)
0.0,Paleogene_Volcanic,582980.09,2188540.87,672.24,POINT (582980.09 2188540.87)
0.0,Neogene_Volcanic,582980.09,2188540.87,1207.21,POINT (582980.09 2188540.87)
0.0,Neogene_Volcanic,547209.5,2187500.75,1374.37,POINT (547209.5 2187500.75)
0.0,Neogene_Volcanic,547209.5,2187500.75,1374.37,POINT (547209.5 2187500.75)
0.0,Quaternary_volcanic,547209.5,2187500.75,1918.89,POINT (547209.5 2187500.75)
0.0,Paleogene_Volcanic,547209.5,2187500.75,174.02,POINT (547209.5 2187500.75)
0.0,Quaternary_volcanic,547209.5,2187500.75,1918.89,POINT (547209.5 2187500.75)
0.0,Cretaceous_limestone,547209.5,2187500.75,-1000.0,POINT (547209.5 2187500.75)
0.0,Cretaceous_limestone,547209.5,2187500.75,-1000.0,POINT (547209.5 2187500.75)
0.0,Paleogene_Volcanic,547209.5,2187500.75,174.02,POINT (547209.5 2187500.75)
0.0,Quaternary_volcanic,548066.69,2188850.48,2032.58,POINT (548066.69 2188850.48)
0.0,Cretaceous_limestone,548066.69,2188850.48,-1000.0,POINT (548066.69 2188850.48)
0.0,Neogene_Volcanic,548066.69,2188850.48,1769.21,POINT (548066.69 2188850.48)
0.0,Paleogene_Volcanic,548066.69,2188850.48,0.0,POINT (548066.69 2188850.48)
0.0,Quaternary_alluvial,548157.38,2188994.98,2474.64,POINT (548157.38 2188994.98)
0.0,Quaternary_alluvial,548198.72,2189060.83,2347.39,POINT (548198.72 2189060.83)
0.0,Quaternary_alluvial,548278.89,2189188.57,2339.45,POINT (548278.89 2189188.57)
0.0,Quaternary_alluvial,548413.92,2189403.7,2339.45,POINT (548413.92 2189403.7)
,Quaternary_alluvial,549276.7976000002,2189493.5604,2489.0,POINT (549276.7976000002 2189493.5604)
0.0,Quaternary_alluvial,544479.2,2187500.75,2196.8,POINT (544479.2 2187500.75)
,Quaternary_alluvial,545094.1375000002,2190709.4409,2478.0,POINT (545094.1375000002 2190709.4409)
,Quaternary_alluvial,546498.5082999999,2190774.3050999995,2495.0,POINT (546498.5082999999 2190774.3050999995)
0.0,Paleogene_Volcanic,544462.62,2192500.75,307.52,POINT (544462.62 2192500.75)
0.0,Quaternary_volcanic,544771.96,2192500.75,1841.68,POINT (544771.96 2192500.75)
0.0,Quaternary_alluvial,544411.68,2192500.75,2289.37,POINT (544411.68 2192500.75)
0.0,TxF,544345.41,2192500.75,2466.64,POINT (544345.41 2192500.75)
0.0,Cretaceous_limestone,544292.63,2192500.75,-1000.0,POINT (544292.63 2192500.75)
0.0,Quaternary_volcanic,550224.08,2192246.07,2079.76,POINT (550224.08 2192246.07)
0.0,Quaternary_volcanic,550337.22,2192468.01,2090.79,POINT (550337.22 2192468.01)
0.0,Cretaceous_limestone,549062.81,2192487.78,-1000.0,POINT (549062.81 2192487.78)
0.0,Paleogene_Volcanic,548670.69,2192500.75,304.8,POINT (548670.69 2192500.75)
0.0,Neogene_Volcanic,547209.5,2192500.75,1077.47,POINT (547209.5 2192500.75)
0.0,Cretaceous_limestone,547209.5,2192500.75,-1000.0,POINT (547209.5 2192500.75)
0.0,Cretaceous_limestone,547209.5,2192500.75,-1000.0,POINT (547209.5 2192500.75)
0.0,Neogene_Volcanic,548553.62,2192500.75,1148.86,POINT (548553.62 2192500.75)
0.0,Quaternary_volcanic,547209.5,2192500.75,1861.89,POINT (547209.5 2192500.75)
0.0,Quaternary_volcanic,547209.5,2192500.75,1861.89,POINT (547209.5 2192500.75)
0.0,Paleogene_Volcanic,547209.5,2192500.75,305.74,POINT (547209.5 2192500.75)
0.0,Quaternary_volcanic,548654.99,2192500.75,1873.88,POINT (548654.99 2192500.75)
0.0,Neogene_Volcanic,547209.5,2192500.75,1077.47,POINT (547209.5 2192500.75)
0.0,Cretaceous_limestone,549053.56,2192500.75,-1000.0,POINT (549053.56 2192500.75)
0.0,Paleogene_Volcanic,548872.62,2192500.75,304.67,POINT (548872.62 2192500.75)
0.0,Paleogene_Volcanic,547209.5,2192500.75,305.74,POINT (547209.5 2192500.75)
0.0,Quaternary_volcanic,549000.48,2192500.75,1876.74,POINT (549000.48 2192500.75)
0.0,Cretaceous_limestone,548851.65,2192500.75,-1000.0,POINT (548851.65 2192500.75)
,F10,548370.11,2192500.75,3200.0,POINT (548370.11 2192500.75)
0.0,Neogene_Volcanic,548754.06,2192500.75,1159.5,POINT (548754.06 2192500.75)
0.0,Quaternary_alluvial,545213.33,2192500.75,2498.64,POINT (545213.33 2192500.75)
0.0,Quaternary_volcanic,544320.66,2192500.75,1837.94,POINT (544320.66 2192500.75)
0.0,Quaternary_alluvial,544207.66,2192500.75,2289.37,POINT (544207.66 2192500.75)
0.0,Neogene_Volcanic,544601.99,2192500.75,998.76,POINT (544601.99 2192500.75)
0.0,Quaternary_alluvial,544884.87,2192500.75,2289.37,POINT (544884.87 2192500.75)
0.0,Paleogene_Volcanic,561608.59,2187500.75,285.39,POINT (561608.59 2187500.75)
0.0,Cretaceous_limestone,560226.55,2187500.75,-1000.0,POINT (560226.55 2187500.75)
0.0,Quaternary_alluvial,560261.93,2187500.75,2525.13,POINT (560261.93 2187500.75)
0.0,Paleogene_Volcanic,560338.59,2187500.75,166.71,POINT (560338.59 2187500.75)
0.0,Cretaceous_limestone,560440.01,2187500.75,-1000.0,POINT (560440.01 2187500.75)
0.0,Quaternary_alluvial,565361.94,2187500.75,2679.4,POINT (565361.94 2187500.75)
0.0,Quaternary_volcanic,560703.94,2187500.75,1918.89,POINT (560703.94 2187500.75)
0.0,Quaternary_alluvial,565520.98,2187500.75,2532.49,POINT (565520.98 2187500.75)
0.0,Paleogene_Volcanic,560838.66,2187500.75,166.71,POINT (560838.66 2187500.75)
0.0,Neogene_Volcanic,560846.59,2187500.75,1359.78,POINT (560846.59 2187500.75)
0.0,Paleogene_Volcanic,561129.23,2187500.75,285.39,POINT (561129.23 2187500.75)
0.0,Cretaceous_limestone,561179.97,2187500.75,-1000.0,POINT (561179.97 2187500.75)
0.0,Quaternary_volcanic,561195.36,2187500.75,1926.11,POINT (561195.36 2187500.75)
0.0,Quaternary_volcanic,561786.7,2187500.75,1934.81,POINT (561786.7 2187500.75)
0.0,Neogene_Volcanic,561829.23,2187500.75,1590.89,POINT (561829.23 2187500.75)
,Quaternary_alluvial,560186.1881999997,2187659.0701,2537.0,POINT (560186.1881999997 2187659.0701)
,Quaternary_volcanic,562834.7204999998,2187740.8285000008,2594.0,POINT (562834.7204999998 2187740.8285000008)
,Quaternary_volcanic,562431.2301000003,2188633.7990000006,2600.0,POINT (562431.2301000003 2188633.7990000006)
,Quaternary_volcanic,563249.6585999997,2189063.6898,2597.0,POINT (563249.6585999997 2189063.6898)
,Quaternary_alluvial,563249.6585999997,2189063.6898,2597.0,POINT (563249.6585999997 2189063.6898)
0.0,Quaternary_alluvial,558039.42,2187500.75,2513.21,POINT (558039.42 2187500.75)
0.0,Neogene_Volcanic,555705.42,2187500.75,1359.78,POINT (555705.42 2187500.75)
0.0,Quaternary_alluvial,559266.43,2187500.75,2291.29,POINT (559266.43 2187500.75)
0.0,Cretaceous_limestone,559576.59,2187500.75,-1000.0,POINT (559576.59 2187500.75)
0.0,Quaternary_alluvial,558261.02,2187500.75,2323.04,POINT (558261.02 2187500.75)
,Quaternary_alluvial,558097.1420999998,2187685.9717999995,2524.0,POINT (558097.1420999998 2187685.9717999995)
,Quaternary_volcanic,556094.6266000001,2190298.9357,2575.0,POINT (556094.6266000001 2190298.9357)
0.0,Neogene_Volcanic,559308.04,2190355.3,1584.42,POINT (559308.04 2190355.3)
0.0,Quaternary_volcanic,559140.31,2190390.21,2064.83,POINT (559140.31 2190390.21)
,Quaternary_volcanic,557290.6880000001,2190508.4498,2572.0,POINT (557290.6880000001 2190508.4498)
0.0,Quaternary_alluvial,563587.27,2189464.61,2436.99,POINT (563587.27 2189464.61)
0.0,Quaternary_volcanic,563561.66,2189469.94,2288.62,POINT (563561.66 2189469.94)
0.0,ATF,563513.87,2189479.88,2587.68,POINT (563513.87 2189479.88)
0.0,Neogene_Volcanic,563462.31,2189490.62,1713.12,POINT (563462.31 2189490.62)
0.0,Quaternary_alluvial,563388.19,2189506.04,2435.5,POINT (563388.19 2189506.04)
0.0,Quaternary_alluvial,563386.67,2189506.36,2435.49,POINT (563386.67 2189506.36)
0.0,Quaternary_volcanic,563344.56,2189515.12,2182.77,POINT (563344.56 2189515.12)
0.0,Cretaceous_limestone,563295.85,2189525.26,-1000.0,POINT (563295.85 2189525.26)
0.0,Quaternary_alluvial,563292.62,2189525.94,2586.27,POINT (563292.62 2189525.94)
0.0,Paleogene_Volcanic,563283.57,2189527.82,677.7,POINT (563283.57 2189527.82)
0.0,Quaternary_volcanic,551909.76,2187500.75,1918.89,POINT (551909.76 2187500.75)
,Quaternary_volcanic,554155.4999000002,2189573.976399999,2590.0,POINT (554155.4999000002 2189573.976399999)
,Quaternary_volcanic,551179.6623,2189989.7136000004,2600.0,POINT (551179.6623 2189989.7136000004)
,Quaternary_volcanic,554013.2192000002,2190463.4088000003,2540.0,POINT (554013.2192000002 2190463.4088000003)
,Quaternary_volcanic,552868.3060999997,2191052.2004000004,2612.0,POINT (552868.3060999997 2191052.2004000004)
0.0,Quaternary_volcanic,554493.92,2191357.33,1849.85,POINT (554493.92 2191357.33)
0.0,Neogene_Lac,553826.59,2191496.23,2406.4,POINT (553826.59 2191496.23)
0.0,Neogene_Volcanic,553137.89,2191639.58,1647.92,POINT (553137.89 2191639.58)
0.0,Neogene_Lac,553010.97,2191666.0,2592.33,POINT (553010.97 2191666)
0.0,Quaternary_volcanic,552959.16,2191676.78,1949.07,POINT (552959.16 2191676.78)
0.0,Neogene_Volcanic,563243.71,2189536.12,1598.55,POINT (563243.71 2189536.12)
0.0,Quaternary_volcanic,563220.77,2189540.89,2160.1,POINT (563220.77 2189540.89)
0.0,Quaternary_volcanic,563046.35,2189577.2,2128.16,POINT (563046.35 2189577.2)
0.0,Paleogene_Volcanic,562998.59,2189587.14,178.58,POINT (562998.59 2189587.14)
0.0,Cretaceous_limestone,562993.95,2189588.1,-1000.0,POINT (562993.95 2189588.1)
0.0,Neogene_Volcanic,562859.96,2189615.99,1627.9,POINT (562859.96 2189615.99)
0.0,Cretaceous_limestone,562796.72,2189629.15,-1000.0,POINT (562796.72 2189629.15)
0.0,Paleogene_Volcanic,562664.03,2189656.77,181.54,POINT (562664.03 2189656.77)
0.0,Cretaceous_limestone,562580.92,2189674.07,-1000.0,POINT (562580.92 2189674.07)
0.0,Quaternary_volcanic,562572.49,2189675.83,2081.36,POINT (562572.49 2189675.83)
0.0,Quaternary_alluvial,548578.49,2189665.9,2379.14,POINT (548578.49 2189665.9)
0.0,Neogene_Volcanic,548586.16,2189678.12,1785.08,POINT (548586.16 2189678.12)
0.0,Quaternary_volcanic,548624.04,2189738.48,2101.37,POINT (548624.04 2189738.48)
0.0,Quaternary_alluvial,548651.3,2189781.91,2531.63,POINT (548651.3 2189781.91)
0.0,Neogene_Volcanic,549147.37,2190572.28,1713.64,POINT (549147.37 2190572.28)
0.0,Quaternary_volcanic,549268.24,2190764.85,2032.58,POINT (549268.24 2190764.85)
0.0,Neogene_Volcanic,549556.68,2191224.41,1729.52,POINT (549556.68 2191224.41)
0.0,Quaternary_volcanic,549563.62,2191235.46,2122.54,POINT (549563.62 2191235.46)
0.0,Quaternary_volcanic,549853.37,2191697.11,2064.33,POINT (549853.37 2191697.11)
0.0,Quaternary_volcanic,550123.43,2192127.38,2074.92,POINT (550123.43 2192127.38)
0.0,Neogene_Volcanic,562148.32,2189764.11,1682.32,POINT (562148.32 2189764.11)
0.0,Quaternary_volcanic,560856.4,2190033.02,2180.58,POINT (560856.4 2190033.02)
0.0,Neogene_Volcanic,560846.69,2190035.04,1609.56,POINT (560846.69 2190035.04)
,Quaternary_alluvial,564719.8805,2190151.8489,2584.0,POINT (564719.8805 2190151.8489)
0.0,Neogene_Volcanic,559946.55,2190222.4,1695.55,POINT (559946.55 2190222.4)
,Neogene_Lac,565365.8065,2191110.886600001,2587.0,POINT (565365.8065 2191110.886600001)
,Neogene_Lac,564029.7999999998,2191919.2182,2582.0,POINT (564029.7999999998 2191919.2182)
,Quaternary_alluvial,564029.7999999998,2191919.2182,2582.0,POINT (564029.7999999998 2191919.2182)
,Quaternary_volcanic,563565.4424999999,2192457.1035,2581.0,POINT (563565.4424999999 2192457.1035)
,Quaternary_alluvial,563565.4424999999,2192457.1035,2581.0,POINT (563565.4424999999 2192457.1035)
0.0,Quaternary_volcanic,558298.46,2190565.44,1982.14,POINT (558298.46 2190565.44)
0.0,Neogene_Volcanic,557411.92,2190749.97,1632.05,POINT (557411.92 2190749.97)
0.0,Neogene_Lac,557237.39,2190786.29,2563.55,POINT (557237.39 2190786.29)
0.0,Quaternary_volcanic,556323.34,2190976.55,1916.0,POINT (556323.34 2190976.55)
0.0,Neogene_Lac,556232.48,2190995.46,2431.8,POINT (556232.48 2190995.46)
,Quaternary_volcanic,556320.3464000002,2191103.400800001,2550.0,POINT (556320.3464000002 2191103.400800001)
0.0,Neogene_Lac,555498.9,2191148.15,2349.25,POINT (555498.9 2191148.15)
0.0,Paleogene_Volcanic,555457.59,2191156.75,245.38,POINT (555457.59 2191156.75)
0.0,Neogene_Volcanic,555049.55,2191241.68,1473.3,POINT (555049.55 2191241.68)
,Quaternary_volcanic,557025.0039999997,2191893.593800001,2543.0,POINT (557025.0039999997 2191893.593800001)
,Quaternary_volcanic,555135.8191,2192108.828400001,2565.0,POINT (555135.8191 2192108.828400001)
0.0,Neogene_Lac,556232.0,2192500.75,2436.48,POINT (556232 2192500.75)
0.0,Quaternary_volcanic,559402.94,2192500.75,1795.17,POINT (559402.94 2192500.75)
0.0,Neogene_Lac,557640.91,2192500.75,2390.18,POINT (557640.91 2192500.75)
0.0,Neogene_Lac,558613.26,2192500.75,2436.48,POINT (558613.26 2192500.75)
0.0,Neogene_Volcanic,559072.33,2192500.75,996.28,POINT (559072.33 2192500.75)
0.0,Neogene_Lac,556867.01,2192500.75,2410.02,POINT (556867.01 2192500.75)
0.0,Neogene_Volcanic,556737.79,2192500.75,996.68,POINT (556737.79 2192500.75)
0.0,Neogene_Lac,558302.37,2192500.75,2403.41,POINT (558302.37 2192500.75)
0.0,Neogene_Lac,558768.09,2192500.75,2566.74,POINT (558768.09 2192500.75)
0.0,Paleogene_Volcanic,567888.41,2188569.35,677.7,POINT (567888.41 2188569.35)
0.0,Cretaceous_limestone,567888.41,2188569.35,-1000.0,POINT (567888.41 2188569.35)
0.0,Quaternary_volcanic,567888.41,2188569.35,2558.94,POINT (567888.41 2188569.35)
0.0,Quaternary_volcanic,567671.26,2188614.55,2555.9,POINT (567671.26 2188614.55)
0.0,Quaternary_volcanic,567138.18,2188725.51,2533.68,POINT (567138.18 2188725.51)
0.0,Quaternary_volcanic,566440.16,2188870.8,2598.23,POINT (566440.16 2188870.8)
0.0,Neogene_Volcanic,566325.22,2188894.72,1768.31,POINT (566325.22 2188894.72)
0.0,Quaternary_alluvial,565802.03,2189003.62,2593.84,POINT (565802.03 2189003.62)
0.0,Quaternary_volcanic,565802.03,2189003.62,2593.84,POINT (565802.03 2189003.62)
0.0,Quaternary_volcanic,565698.22,2189025.23,2494.79,POINT (565698.22 2189025.23)
0.0,Quaternary_volcanic,565480.63,2189070.52,2455.1,POINT (565480.63 2189070.52)
0.0,Neogene_Volcanic,565418.61,2189083.43,1655.86,POINT (565418.61 2189083.43)
0.0,Quaternary_volcanic,565232.58,2189122.15,2408.61,POINT (565232.58 2189122.15)
0.0,Quaternary_alluvial,564930.7,2189184.98,2473.62,POINT (564930.7 2189184.98)
0.0,Neogene_Volcanic,564576.75,2189258.65,1748.46,POINT (564576.75 2189258.65)
0.0,Quaternary_volcanic,564118.75,2189353.98,2249.86,POINT (564118.75 2189353.98)
0.0,Neogene_Volcanic,563885.99,2189402.43,1726.56,POINT (563885.99 2189402.43)
0.0,Quaternary_volcanic,563763.65,2189427.89,2274.57,POINT (563763.65 2189427.89)
0.0,Quaternary_alluvial,563730.9,2189434.71,2438.07,POINT (563730.9 2189434.71)
0.0,Paleogene_Volcanic,563699.94,2189441.16,677.7,POINT (563699.94 2189441.16)
0.0,Quaternary_alluvial,574751.35,2187500.75,2456.37,POINT (574751.35 2187500.75)
0.0,Quaternary_alluvial,574695.78,2187500.75,2456.37,POINT (574695.78 2187500.75)
0.0,Quaternary_alluvial,574306.39,2187500.75,2456.37,POINT (574306.39 2187500.75)
,Quaternary_alluvial,573908.9808999998,2187565.6680999994,2789.0,POINT (573908.9808999998 2187565.6680999994)
,Quaternary_alluvial,575208.7492000004,2187671.501599999,2784.0,POINT (575208.7492000004 2187671.501599999)
,Quaternary_volcanic,574979.8942999998,2190458.708900001,2690.0,POINT (574979.8942999998 2190458.708900001)
,Neogene_Lac,576795.7967999997,2191822.5364,2630.0,POINT (576795.7967999997 2191822.5364)
,Quaternary_volcanic,576795.7967999997,2191822.5364,2630.0,POINT (576795.7967999997 2191822.5364)
0.0,Quaternary_volcanic,576275.64,2192500.75,2394.08,POINT (576275.64 2192500.75)
0.0,Quaternary_volcanic,574683.5,2192500.75,2261.31,POINT (574683.5 2192500.75)
0.0,Paleogene_Volcanic,582980.09,2189779.89,816.35,POINT (582980.09 2189779.89)
0.0,Neogene_Volcanic,582980.09,2189926.19,1413.46,POINT (582980.09 2189926.19)
0.0,Paleogene_Volcanic,582980.09,2189991.84,841.0,POINT (582980.09 2189991.84)
0.0,Neogene_Volcanic,582980.09,2190139.91,1445.28,POINT (582980.09 2190139.91)
,HF,582980.09,2190335.32,2663.0,POINT (582980.09 2190335.32)
0.0,Paleogene_Volcanic,582980.09,2192500.75,1132.82,POINT (582980.09 2192500.75)
0.0,Cretaceous_limestone,582980.09,2192500.75,-1000.0,POINT (582980.09 2192500.75)
0.0,Neogene_Volcanic,582980.09,2192500.75,1796.78,POINT (582980.09 2192500.75)
0.0,Neogene_Volcanic,582980.09,2192500.77,1796.78,POINT (582980.09 2192500.77)
,Quaternary_volcanic,566998.5010000002,2189575.9169,2598.0,POINT (566998.5010000002 2189575.9169)
,Quaternary_alluvial,565669.5566999996,2190053.5274,2591.0,POINT (565669.5566999996 2190053.5274)
,Quaternary_volcanic,566325.6884000003,2190740.9520999994,2625.0,POINT (566325.6884000003 2190740.9520999994)
,Quaternary_volcanic,570704.4304999998,2191243.8672,2790.0,POINT (570704.4304999998 2191243.8672)
,Neogene_Lac,566106.3923000004,2191790.910599999,2589.0,POINT (566106.3923000004 2191790.910599999)
,Quaternary_volcanic,566714.2088000001,2191962.4958999995,2634.0,POINT (566714.2088000001 2191962.4958999995)
0.0,Paleogene_Volcanic,566521.19,2192500.75,1172.3,POINT (566521.19 2192500.75)
0.0,Neogene_Volcanic,567787.3,2192500.75,1773.49,POINT (567787.3 2192500.75)
0.0,Quaternary_volcanic,565667.92,2192500.75,2430.67,POINT (565667.92 2192500.75)
0.0,Neogene_Volcanic,566842.77,2192500.75,1772.05,POINT (566842.77 2192500.75)
0.0,Quaternary_volcanic,575513.63,2192500.75,2314.71,POINT (575513.63 2192500.75)
0.0,Neogene_Lac,576956.37,2192500.75,2470.81,POINT (576956.37 2192500.75)
0.0,Neogene_Lac,577120.41,2192500.75,2460.23,POINT (577120.41 2192500.75)
0.0,Neogene_Volcanic,574809.5,2192500.75,1784.26,POINT (574809.5 2192500.75)
0.0,Paleogene_Volcanic,574809.5,2192500.75,1152.42,POINT (574809.5 2192500.75)
0.0,Neogene_Lac,577400.87,2192500.75,2486.68,POINT (577400.87 2192500.75)
0.0,Neogene_Lac,577470.61,2192500.75,2641.71,POINT (577470.61 2192500.75)
0.0,Neogene_Lac,576902.21,2192500.75,2618.39,POINT (576902.21 2192500.75)
0.0,Quaternary_volcanic,576902.21,2192500.75,2618.39,POINT (576902.21 2192500.75)
0.0,Quaternary_volcanic,574780.74,2192500.75,2261.31,POINT (574780.74 2192500.75)
0.0,Quaternary_volcanic,567840.25,2192500.75,2261.31,POINT (567840.25 2192500.75)
0.0,ATF,567193.08,2192500.75,2637.0,POINT (567193.08 2192500.75)
0.0,Neogene_Lac,565810.04,2192500.75,2573.42,POINT (565810.04 2192500.75)
0.0,Quaternary_volcanic,567207.55,2192500.75,2452.37,POINT (567207.55 2192500.75)
0.0,Paleogene_Volcanic,567496.37,2192500.75,1169.96,POINT (567496.37 2192500.75)
0.0,Neogene_Lac,565690.16,2192500.75,2432.43,POINT (565690.16 2192500.75)
0.0,Paleogene_Volcanic,565823.15,2192500.75,293.7,POINT (565823.15 2192500.75)
0.0,Cretaceous_limestone,566120.46,2192500.75,-1000.0,POINT (566120.46 2192500.75)
0.0,Neogene_Volcanic,566199.71,2192500.75,995.98,POINT (566199.71 2192500.75)
,Quaternary_volcanic,568146.3492999999,2192996.2479,2620.0,POINT (568146.3492999999 2192996.2479)
0.0,Quaternary_volcanic,574537.98,2192500.75,2261.31,POINT (574537.98 2192500.75)
,Quaternary_volcanic,574524.0383000001,2193393.6185,2600.0,POINT (574524.0383000001 2193393.6185)
,Neogene_Lac,578036.4611,2193418.2219,2655.0,POINT (578036.4611 2193418.2219)
,Quaternary_volcanic,576299.7021000003,2194203.791200001,2600.0,POINT (576299.7021000003 2194203.791200001)
,Quaternary_volcanic,573962.6385000004,2194212.8221000005,2593.0,POINT (573962.6385000004 2194212.8221000005)
,Quaternary_volcanic,575093.1479000002,2194220.397399999,2603.0,POINT (575093.1479000002 2194220.397399999)
,Neogene_Lac,574722.5164000001,2194887.763699999,2602.0,POINT (574722.5164000001 2194887.763699999)
,Neogene_Lac,578855.2928999998,2196652.7894,2647.0,POINT (578855.2928999998 2196652.7894)
,Neogene_Lac,576480.7878,2196719.2095,2642.0,POINT (576480.7878 2196719.2095)
,Neogene_Lac,578358.3229999999,2196961.953400001,2658.0,POINT (578358.3229999999 2196961.953400001)
0.0,Paleogene_Volcanic,582980.09,2192500.77,1132.82,POINT (582980.09 2192500.77)
,Quaternary_volcanic,583908.4238999998,2196628.0647,2700.0,POINT (583908.4238999998 2196628.0647)
,Neogene_Lac,579875.3185999999,2197379.962,2663.0,POINT (579875.3185999999 2197379.962)
0.0,Cretaceous_limestone,582980.09,2197500.75,-1000.0,POINT (582980.09 2197500.75)
0.0,Paleogene_Volcanic,582980.09,2197500.75,1248.3,POINT (582980.09 2197500.75)
0.0,Neogene_Volcanic,582980.09,2197500.75,1723.99,POINT (582980.09 2197500.75)
0.0,Paleogene_Volcanic,582980.09,2197500.77,1248.3,POINT (582980.09 2197500.77)
0.0,Neogene_Volcanic,582980.09,2197500.77,1723.99,POINT (582980.09 2197500.77)
,Quaternary_volcanic,583432.4351000004,2197929.9002,2695.0,POINT (583432.4351000004 2197929.9002)
,Quaternary_volcanic,570180.0686999997,2193017.2085999995,2800.0,POINT (570180.0686999997 2193017.2085999995)
,Neogene_Lac,568170.1842,2193337.715,2597.0,POINT (568170.1842 2193337.715)
,Neogene_Lac,569837.9472000003,2194054.9902,2598.0,POINT (569837.9472000003 2194054.9902)
,Quaternary_volcanic,572428.4774000002,2194436.9384000003,2600.0,POINT (572428.4774000002 2194436.9384000003)
,Neogene_Lac,572428.4774000002,2194436.9384000003,2600.0,POINT (572428.4774000002 2194436.9384000003)
,Neogene_Lac,568577.108,2194562.0274,2587.0,POINT (568577.108 2194562.0274)
,Neogene_Lac,572489.7534999996,2194983.0329,2586.0,POINT (572489.7534999996 2194983.0329)
0.0,ATF,570679.18,2197500.75,2583.28,POINT (570679.18 2197500.75)
0.0,Neogene_Lac,570751.12,2197500.75,2505.84,POINT (570751.12 2197500.75)
0.0,Neogene_Volcanic,570786.59,2197500.75,1723.99,POINT (570786.59 2197500.75)
0.0,Quaternary_volcanic,551948.93,2191887.05,1710.94,POINT (551948.93 2191887.05)
0.0,Neogene_Volcanic,551941.16,2191888.67,1536.8,POINT (551941.16 2191888.67)
,Quaternary_volcanic,553098.4770999998,2192042.692500001,2588.0,POINT (553098.4770999998 2192042.692500001)
0.0,Neogene_Volcanic,551164.06,2192050.42,1520.92,POINT (551164.06 2192050.42)
0.0,Quaternary_volcanic,550788.47,2192128.6,1872.34,POINT (550788.47 2192128.6)
0.0,Quaternary_volcanic,552080.72,2192500.75,2025.62,POINT (552080.72 2192500.75)
0.0,Neogene_Volcanic,551835.19,2192500.75,1187.25,POINT (551835.19 2192500.75)
0.0,Quaternary_volcanic,550503.2,2192732.45,2101.37,POINT (550503.2 2192732.45)
0.0,Quaternary_volcanic,550649.48,2192965.51,2043.17,POINT (550649.48 2192965.51)
0.0,Paleogene_Volcanic,550723.37,2193083.24,348.59,POINT (550723.37 2193083.24)
0.0,Neogene_Lac,565187.45,2192500.75,2392.74,POINT (565187.45 2192500.75)
0.0,Neogene_Lac,563612.89,2192500.75,2580.73,POINT (563612.89 2192500.75)
0.0,Quaternary_volcanic,565211.08,2192500.75,1776.7,POINT (565211.08 2192500.75)
0.0,Cretaceous_limestone,565356.41,2192500.75,-1000.0,POINT (565356.41 2192500.75)
0.0,Neogene_Lac,563712.39,2192500.75,2452.27,POINT (563712.39 2192500.75)
0.0,Neogene_Volcanic,560784.83,2192500.75,995.98,POINT (560784.83 2192500.75)
0.0,Cretaceous_limestone,564374.2,2192500.75,-1000.0,POINT (564374.2 2192500.75)
0.0,Neogene_Lac,564175.41,2192500.75,2425.82,POINT (564175.41 2192500.75)
0.0,Neogene_Volcanic,565353.16,2192500.75,995.98,POINT (565353.16 2192500.75)
0.0,Neogene_Volcanic,561247.85,2192500.75,995.98,POINT (561247.85 2192500.75)
0.0,Neogene_Volcanic,550357.77,2192500.75,1249.18,POINT (550357.77 2192500.75)
0.0,Paleogene_Volcanic,550357.77,2192500.75,308.21,POINT (550357.77 2192500.75)
0.0,Neogene_Volcanic,550357.77,2192500.75,1244.68,POINT (550357.77 2192500.75)
0.0,Quaternary_volcanic,550357.77,2192500.75,2087.6,POINT (550357.77 2192500.75)
0.0,Quaternary_volcanic,548453.3,2192500.75,1872.21,POINT (548453.3 2192500.75)
0.0,Paleogene_Volcanic,549000.43,2192500.76,302.58,POINT (549000.43 2192500.76)
0.0,Neogene_Volcanic,549000.43,2192500.76,1170.58,POINT (549000.43 2192500.76)
0.0,Paleogene_Volcanic,548926.48,2192516.16,302.72,POINT (548926.48 2192516.16)
0.0,Cretaceous_limestone,548865.9,2192528.77,-1000.0,POINT (548865.9 2192528.77)
0.0,Neogene_Volcanic,548834.07,2192535.39,1185.76,POINT (548834.07 2192535.39)
0.0,Quaternary_volcanic,550790.14,2193189.61,2090.79,POINT (550790.14 2193189.61)
0.0,Neogene_Volcanic,550864.25,2193307.7,1478.3,POINT (550864.25 2193307.7)
0.0,Quaternary_volcanic,550912.51,2193384.58,2246.9,POINT (550912.51 2193384.58)
0.0,Quaternary_volcanic,551441.37,2194227.19,2371.25,POINT (551441.37 2194227.19)
,F10,551692.27,2194626.94,2905.0,POINT (551692.27 2194626.94)
0.0,Quaternary_volcanic,551693.4,2194628.75,2345.78,POINT (551693.4 2194628.75)
0.0,Neogene_Volcanic,551760.54,2194735.71,1665.66,POINT (551760.54 2194735.71)
0.0,Quaternary_volcanic,551802.63,2194802.77,2334.74,POINT (551802.63 2194802.77)
0.0,Neogene_Volcanic,551866.5,2194904.52,1687.81,POINT (551866.5 2194904.52)
0.0,Paleogene_Volcanic,551877.97,2194922.81,476.1,POINT (551877.97 2194922.81)
0.0,Neogene_Lac,564611.98,2192500.75,2432.43,POINT (564611.98 2192500.75)
0.0,Paleogene_Volcanic,564876.93,2192500.75,294.31,POINT (564876.93 2192500.75)
0.0,Cretaceous_limestone,565142.95,2192500.75,-1000.0,POINT (565142.95 2192500.75)
,Neogene_Lac,565335.7456,2192946.459100001,2569.0,POINT (565335.7456 2192946.459100001)
,Quaternary_volcanic,562220.9576000003,2193311.0035999995,2560.0,POINT (562220.9576000003 2193311.0035999995)
,Neogene_Lac,565489.3244000003,2194525.7973,2594.0,POINT (565489.3244000003 2194525.7973)
,Neogene_Lac,560979.2186000003,2196938.5307,2569.0,POINT (560979.2186000003 2196938.5307)
,Neogene_Lac,563002.1021999996,2197286.250600001,2549.0,POINT (563002.1021999996 2197286.250600001)
0.0,Neogene_Lac,559988.55,2197500.75,2371.17,POINT (559988.55 2197500.75)
0.0,Neogene_Lac,560175.08,2197500.75,2650.76,POINT (560175.08 2197500.75)
0.0,Neogene_Lac,555813.21,2192500.75,2569.32,POINT (555813.21 2192500.75)
0.0,Quaternary_volcanic,558398.63,2192500.75,1798.36,POINT (558398.63 2192500.75)
0.0,Neogene_Lac,555940.96,2192500.75,2462.94,POINT (555940.96 2192500.75)
,Quaternary_volcanic,559405.4918,2193007.6525,2560.0,POINT (559405.4918 2193007.6525)
,Quaternary_volcanic,557095.3691999996,2193122.4903999995,2559.0,POINT (557095.3691999996 2193122.4903999995)
,Quaternary_volcanic,559145.7665999997,2196806.6970000006,2595.0,POINT (559145.7665999997 2196806.6970000006)
0.0,Quaternary_volcanic,556148.86,2197500.75,2336.1,POINT (556148.86 2197500.75)
0.0,Paleogene_Volcanic,556404.61,2197500.75,639.98,POINT (556404.61 2197500.75)
0.0,Cretaceous_limestone,556651.89,2197500.75,-1000.0,POINT (556651.89 2197500.75)
0.0,Neogene_Lac,558719.87,2197500.75,2621.76,POINT (558719.87 2197500.75)
0.0,Paleogene_Volcanic,551984.94,2195093.24,487.91,POINT (551984.94 2195093.24)
0.0,Cretaceous_limestone,552023.68,2195154.96,-1000.0,POINT (552023.68 2195154.96)
0.0,Quaternary_volcanic,552122.14,2195311.83,2302.46,POINT (552122.14 2195311.83)
0.0,Cretaceous_limestone,552131.82,2195327.26,-1000.0,POINT (552131.82 2195327.26)
0.0,Neogene_Volcanic,552306.64,2195605.78,1779.82,POINT (552306.64 2195605.78)
0.0,Quaternary_volcanic,552749.47,2196311.32,2445.33,POINT (552749.47 2196311.32)
0.0,Neogene_Volcanic,552795.77,2196385.08,1875.07,POINT (552795.77 2196385.08)
0.0,Quaternary_volcanic,552977.33,2196674.36,2381.83,POINT (552977.33 2196674.36)
0.0,Quaternary_volcanic,553103.92,2196876.05,2440.04,POINT (553103.92 2196876.05)
0.0,Neogene_Volcanic,553299.31,2197187.36,1917.4,POINT (553299.31 2197187.36)
0.0,Quaternary_volcanic,556351.87,2197500.75,2331.14,POINT (556351.87 2197500.75)
0.0,Paleogene_Volcanic,556606.81,2197500.75,640.33,POINT (556606.81 2197500.75)
0.0,Cretaceous_limestone,556854.15,2197500.75,-1000.0,POINT (556854.15 2197500.75)
,F10,556182.61,2197500.75,2783.0,POINT (556182.61 2197500.75)
0.0,Neogene_Lac,559004.29,2197500.75,2392.34,POINT (559004.29 2197500.75)
0.0,Quaternary_volcanic,559004.29,2197500.75,2392.34,POINT (559004.29 2197500.75)
0.0,Neogene_Volcanic,556222.95,2197500.75,1844.71,POINT (556222.95 2197500.75)
0.0,Neogene_Volcanic,556426.49,2197500.75,1836.25,POINT (556426.49 2197500.75)
0.0,Quaternary_volcanic,559100.0,2197500.75,2264.04,POINT (559100 2197500.75)
0.0,Neogene_Lac,559469.96,2197500.75,2360.58,POINT (559469.96 2197500.75)
0.0,Paleogene_Volcanic,553381.96,2197319.03,642.2,POINT (553381.96 2197319.03)
0.0,Quaternary_volcanic,553407.74,2197360.1,2492.96,POINT (553407.74 2197360.1)
0.0,Paleogene_Volcanic,553496.01,2197500.75,634.96,POINT (553496.01 2197500.75)
0.0,Neogene_Volcanic,553496.01,2197500.75,1957.94,POINT (553496.01 2197500.75)
0.0,Quaternary_volcanic,553496.01,2197500.75,2400.87,POINT (553496.01 2197500.75)
0.0,Quaternary_volcanic,553604.65,2197673.84,2286.58,POINT (553604.65 2197673.84)
0.0,Quaternary_volcanic,553662.2,2197765.54,1991.48,POINT (553662.2 2197765.54)
0.0,Neogene_Volcanic,553662.2,2197765.54,1991.48,POINT (553662.2 2197765.54)
0.0,Quaternary_volcanic,553774.73,2197944.81,1987.16,POINT (553774.73 2197944.81)
0.0,Neogene_Volcanic,553774.73,2197944.81,1987.16,POINT (553774.73 2197944.81)
0.0,Neogene_Volcanic,554740.09,2197500.75,1906.28,POINT (554740.09 2197500.75)
0.0,Paleogene_Volcanic,558140.0,2197500.75,642.97,POINT (558140 2197500.75)
0.0,Quaternary_volcanic,554704.41,2197500.75,2371.37,POINT (554704.41 2197500.75)
,Neogene_Lac,559240.4581000004,2197728.6682,2637.0,POINT (559240.4581000004 2197728.6682)
0.0,Quaternary_volcanic,554754.42,2199505.71,2520.65,POINT (554754.42 2199505.71)
,Neogene_Lac,559341.6270000003,2199549.4097000007,2691.0,POINT (559341.6270000003 2199549.4097000007)
0.0,Neogene_Volcanic,554945.69,2199810.45,2188.6,POINT (554945.69 2199810.45)
0.0,Quaternary_volcanic,555028.7,2199942.7,2646.33,POINT (555028.7 2199942.7)
0.0,Quaternary_volcanic,555288.91,2200357.29,2791.85,POINT (555288.91 2200357.29)
0.0,Neogene_Volcanic,555360.62,2200471.54,2135.68,POINT (555360.62 2200471.54)
0.0,Paleogene_Volcanic,570832.59,2197500.75,1248.3,POINT (570832.59 2197500.75)
0.0,Neogene_Lac,570941.17,2197500.75,2585.71,POINT (570941.17 2197500.75)
0.0,Neogene_Volcanic,570947.79,2197500.75,1723.99,POINT (570947.79 2197500.75)
0.0,Neogene_Lac,567649.57,2197500.75,2356.48,POINT (567649.57 2197500.75)
0.0,Cretaceous_limestone,568198.96,2197500.75,-1000.0,POINT (568198.96 2197500.75)
0.0,Cretaceous_limestone,568871.31,2197500.75,-1000.0,POINT (568871.31 2197500.75)
0.0,Paleogene_Volcanic,568992.74,2197500.75,661.68,POINT (568992.74 2197500.75)
0.0,Neogene_Volcanic,569471.43,2197500.75,1294.57,POINT (569471.43 2197500.75)
0.0,Cretaceous_limestone,569500.71,2197500.75,-1000.0,POINT (569500.71 2197500.75)
0.0,Paleogene_Volcanic,569535.86,2197500.75,662.61,POINT (569535.86 2197500.75)
0.0,Neogene_Volcanic,574818.4,2197500.75,1723.99,POINT (574818.4 2197500.75)
0.0,Neogene_Lac,577269.38,2197500.75,2678.92,POINT (577269.38 2197500.75)
0.0,Paleogene_Volcanic,574809.5,2197500.75,1248.3,POINT (574809.5 2197500.75)
0.0,Neogene_Lac,576501.08,2197500.75,2663.57,POINT (576501.08 2197500.75)
0.0,Neogene_Lac,576543.25,2197500.75,2497.47,POINT (576543.25 2197500.75)
0.0,Paleogene_Volcanic,574780.0,2197500.75,1248.3,POINT (574780 2197500.75)
0.0,Neogene_Lac,577162.38,2197500.75,2418.09,POINT (577162.38 2197500.75)
0.0,Neogene_Lac,576765.5,2197500.75,2418.09,POINT (576765.5 2197500.75)
,Neogene_Lac,576597.4985999996,2197720.1099999994,2659.0,POINT (576597.4985999996 2197720.1099999994)
0.0,Paleogene_Volcanic,576865.05,2197752.8,1307.11,POINT (576865.05 2197752.8)
0.0,Neogene_Volcanic,569865.93,2197500.75,1278.19,POINT (569865.93 2197500.75)
0.0,Cretaceous_limestone,568657.85,2197500.75,-1000.0,POINT (568657.85 2197500.75)
0.0,Paleogene_Volcanic,570076.84,2197500.75,1248.3,POINT (570076.84 2197500.75)
0.0,Neogene_Volcanic,570331.9,2197500.75,1723.99,POINT (570331.9 2197500.75)
0.0,Neogene_Lac,570466.56,2197500.75,2398.37,POINT (570466.56 2197500.75)
0.0,Paleogene_Volcanic,570675.47,2197500.75,1248.3,POINT (570675.47 2197500.75)
,Neogene_Lac,571338.7139999997,2199132.4091,2586.0,POINT (571338.7139999997 2199132.4091)
,Neogene_Lac,572912.3508000001,2199604.9399999995,2595.0,POINT (572912.3508000001 2199604.9399999995)
,Quaternary_volcanic,569458.1437999997,2199916.6499000005,2572.0,POINT (569458.1437999997 2199916.6499000005)
,Quaternary_volcanic,568676.1697000004,2200685.705,2568.0,POINT (568676.1697000004 2200685.705)
,Quaternary_volcanic,583739.6897,2198525.275699999,2749.0,POINT (583739.6897 2198525.275699999)
0.0,Paleogene_Volcanic,579776.74,2199307.22,1307.11,POINT (579776.74 2199307.22)
0.0,Neogene_Volcanic,579923.61,2199385.63,1959.47,POINT (579923.61 2199385.63)
0.0,Neogene_Volcanic,580599.49,2199746.46,1874.37,POINT (580599.49 2199746.46)
,Quaternary_volcanic,583035.3283000002,2199921.0701,2895.0,POINT (583035.3283000002 2199921.0701)
0.0,Paleogene_Volcanic,582653.46,2200842.98,1451.03,POINT (582653.46 2200842.98)
0.0,Neogene_Volcanic,582793.5,2200917.75,2033.12,POINT (582793.5 2200917.75)
0.0,Neogene_Volcanic,582980.09,2201017.37,1561.66,POINT (582980.09 2201017.37)
0.0,Neogene_Volcanic,576865.05,2197752.8,1782.79,POINT (576865.05 2197752.8)
0.0,Cretaceous_limestone,576865.05,2197752.8,-1000.0,POINT (576865.05 2197752.8)
,Neogene_Lac,574969.7928999998,2198491.3796,2598.0,POINT (574969.7928999998 2198491.3796)
,Neogene_Lac,575785.2905000001,2198670.4187000003,2597.0,POINT (575785.2905000001 2198670.4187000003)
,Neogene_Lac,575172.8849999998,2199760.069700001,2597.0,POINT (575172.8849999998 2199760.069700001)
,Neogene_Lac,573156.142,2200179.5079,2584.0,POINT (573156.142 2200179.5079)
,Neogene_Lac,573465.2071000002,2200995.563100001,2593.0,POINT (573465.2071000002 2200995.563100001)
,Neogene_Lac,574902.7150999997,2201558.9123,2599.0,POINT (574902.7150999997 2201558.9123)
,Quaternary_volcanic,573510.3476,2201563.6658,2595.0,POINT (573510.3476 2201563.6658)
0.0,Neogene_Lac,573723.61,2202500.75,2415.94,POINT (573723.61 2202500.75)
0.0,Paleogene_Volcanic,583353.68,2201216.8,1689.16,POINT (583353.68 2201216.8)
,Quaternary_volcanic,582644.8640000001,2201238.0232,2896.0,POINT (582644.8640000001 2201238.0232)
,Quaternary_volcanic,583698.7352,2201444.2304,2795.0,POINT (583698.7352 2201444.2304)
,Quaternary_volcanic,566940.2297,2200699.3599,2568.0,POINT (566940.2297 2200699.3599)
,Quaternary_volcanic,572446.3848000001,2200718.2268000003,2595.0,POINT (572446.3848000001 2200718.2268000003)
,Quaternary_volcanic,567514.5236999998,2201268.4949,2574.0,POINT (567514.5236999998 2201268.4949)
,Quaternary_volcanic,567199.4478000002,2201639.8672,2584.0,POINT (567199.4478000002 2201639.8672)
0.0,Paleogene_Volcanic,571381.91,2202500.75,1118.13,POINT (571381.91 2202500.75)
0.0,Neogene_Volcanic,570506.28,2202500.75,1639.02,POINT (570506.28 2202500.75)
0.0,Cretaceous_limestone,572515.69,2202500.75,-1000.0,POINT (572515.69 2202500.75)
0.0,Cretaceous_limestone,571594.94,2202500.75,-1000.0,POINT (571594.94 2202500.75)
0.0,Cretaceous_limestone,572163.43,2202500.75,-1000.0,POINT (572163.43 2202500.75)
0.0,Neogene_Volcanic,571225.95,2202500.75,1639.02,POINT (571225.95 2202500.75)
,Quaternary_volcanic,565151.5519000003,2200973.3082,2574.0,POINT (565151.5519000003 2200973.3082)
,Quaternary_volcanic,562925.1607999997,2201537.1689,2585.0,POINT (562925.1607999997 2201537.1689)
,Quaternary_volcanic,564563.9664000003,2201543.615,2584.0,POINT (564563.9664000003 2201543.615)
,Quaternary_volcanic,565214.398,2201794.5189,2585.0,POINT (565214.398 2201794.5189)
,Quaternary_volcanic,564381.6475999998,2202198.7238,2591.0,POINT (564381.6475999998 2202198.7238)
,Quaternary_volcanic,563965.8788000001,2202371.9891,2592.0,POINT (563965.8788000001 2202371.9891)
0.0,Quaternary_volcanic,563611.02,2202500.75,2195.57,POINT (563611.02 2202500.75)
0.0,Paleogene_Volcanic,564133.79,2202500.75,1065.1,POINT (564133.79 2202500.75)
0.0,Quaternary_volcanic,564174.0,2202500.75,2098.37,POINT (564174 2202500.75)
0.0,Quaternary_volcanic,562919.33,2202500.75,2423.88,POINT (562919.33 2202500.75)
0.0,Paleogene_Volcanic,582967.02,2202500.75,1248.3,POINT (582967.02 2202500.75)
0.0,Cretaceous_limestone,582947.93,2202500.75,-1000.0,POINT (582947.93 2202500.75)
0.0,Neogene_Volcanic,582971.06,2202500.75,1723.99,POINT (582971.06 2202500.75)
0.0,Quaternary_volcanic,582973.91,2202500.75,2059.62,POINT (582973.91 2202500.75)
0.0,Neogene_Lac,562838.11,2202500.75,2595.0,POINT (562838.11 2202500.75)
0.0,Neogene_Volcanic,564235.03,2202500.75,1709.7,POINT (564235.03 2202500.75)
0.0,Paleogene_Volcanic,564335.98,2202500.75,1066.76,POINT (564335.98 2202500.75)
,F10,563995.11,2202500.75,2593.0,POINT (563995.11 2202500.75)
0.0,Neogene_Volcanic,564032.22,2202500.75,1711.98,POINT (564032.22 2202500.75)
0.0,Neogene_Lac,563792.46,2202500.75,2415.94,POINT (563792.46 2202500.75)
0.0,Quaternary_volcanic,563964.21,2202500.75,2145.12,POINT (563964.21 2202500.75)
0.0,Cretaceous_limestone,564458.05,2202500.75,-1000.0,POINT (564458.05 2202500.75)
0.0,Quaternary_volcanic,564650.39,2202500.75,1944.93,POINT (564650.39 2202500.75)
0.0,Neogene_Lac,563869.99,2202500.75,2593.14,POINT (563869.99 2202500.75)
0.0,Neogene_Lac,560507.13,2197500.75,2402.92,POINT (560507.13 2197500.75)
0.0,Neogene_Lac,563286.91,2197500.75,2550.76,POINT (563286.91 2197500.75)
0.0,Neogene_Volcanic,563039.45,2197500.75,1561.66,POINT (563039.45 2197500.75)
0.0,Neogene_Lac,565032.43,2197500.75,2349.39,POINT (565032.43 2197500.75)
0.0,Neogene_Lac,563744.31,2197500.75,2345.9,POINT (563744.31 2197500.75)
,Neogene_Lac,562199.4715,2197622.5567000005,2589.0,POINT (562199.4715 2197622.5567000005)
,Neogene_Lac,560160.0924000004,2197846.9659,2750.0,POINT (560160.0924000004 2197846.9659)
,Neogene_Lac,563722.4414999997,2198473.2449,2561.0,POINT (563722.4414999997 2198473.2449)
,Neogene_Lac,561767.4102999996,2200405.049799999,2609.0,POINT (561767.4102999996 2200405.049799999)
,Quaternary_volcanic,563162.4841,2200741.1894000005,2579.0,POINT (563162.4841 2200741.1894000005)
0.0,Neogene_Volcanic,553800.05,2197985.16,1986.19,POINT (553800.05 2197985.16)
0.0,Quaternary_volcanic,553806.26,2197995.05,2099.61,POINT (553806.26 2197995.05)
0.0,Quaternary_volcanic,553836.64,2198043.46,2348.67,POINT (553836.64 2198043.46)
0.0,Quaternary_volcanic,553928.07,2198189.12,2408.2,POINT (553928.07 2198189.12)
0.0,Quaternary_volcanic,554075.76,2198424.43,2428.05,POINT (554075.76 2198424.43)
0.0,Neogene_Volcanic,554134.81,2198518.51,2033.82,POINT (554134.81 2198518.51)
0.0,Quaternary_volcanic,554297.29,2198777.39,2461.12,POINT (554297.29 2198777.39)
0.0,Quaternary_volcanic,554511.79,2199119.14,2547.11,POINT (554511.79 2199119.14)
0.0,Neogene_Volcanic,554568.03,2199208.74,2023.23,POINT (554568.03 2199208.74)
,Quaternary_volcanic,554521.0126999998,2201934.0963000003,2797.0,POINT (554521.0126999998 2201934.0963000003)
0.0,Quaternary_volcanic,555405.87,2200543.63,2900.55,POINT (555405.87 2200543.63)
,Quaternary_volcanic,556862.4565000003,2200708.1805000007,2795.0,POINT (556862.4565000003 2200708.1805000007)
0.0,Neogene_Lac,555767.44,2201119.71,2858.77,POINT (555767.44 2201119.71)
0.0,Neogene_Lac,555794.33,2201162.55,2670.44,POINT (555794.33 2201162.55)
0.0,Neogene_Volcanic,555810.72,2201188.66,2241.52,POINT (555810.72 2201188.66)
0.0,Neogene_Lac,555912.48,2201350.8,2606.94,POINT (555912.48 2201350.8)
,Neogene_Lac,557907.8223000001,2201405.9816999994,2753.0,POINT (557907.8223000001 2201405.9816999994)
0.0,Paleogene_Volcanic,556040.54,2201554.83,935.8,POINT (556040.54 2201554.83)
0.0,Neogene_Lac,556120.65,2201682.46,2564.61,POINT (556120.65 2201682.46)
0.0,Neogene_Lac,556317.57,2201996.2,2617.53,POINT (556317.57 2201996.2)
0.0,Neogene_Volcanic,556366.31,2202073.85,2234.9,POINT (556366.31 2202073.85)
0.0,Neogene_Lac,556397.45,2202123.47,2759.65,POINT (556397.45 2202123.47)
,Neogene_Lac,556305.5732000005,2202167.161800001,2761.0,POINT (556305.5732000005 2202167.161800001)
,Quaternary_volcanic,555485.2702000001,2202385.353,2792.0,POINT (555485.2702000001 2202385.353)
0.0,Paleogene_Volcanic,556634.25,2202500.75,1001.37,POINT (556634.25 2202500.75)
0.0,Quaternary_volcanic,554954.67,2202500.75,2460.1,POINT (554954.67 2202500.75)
0.0,Neogene_Volcanic,556634.25,2202500.75,2131.72,POINT (556634.25 2202500.75)
0.0,Neogene_Volcanic,559584.3,2202500.75,1762.11,POINT (559584.3 2202500.75)
0.0,Quaternary_volcanic,555514.69,2202500.75,2781.03,POINT (555514.69 2202500.75)
0.0,Neogene_Volcanic,556753.11,2202690.13,2082.77,POINT (556753.11 2202690.13)
0.0,Neogene_Volcanic,549761.99,2202500.75,1470.83,POINT (549761.99 2202500.75)
0.0,Quaternary_volcanic,549901.76,2202500.75,1880.53,POINT (549901.76 2202500.75)
0.0,Neogene_Lac,548069.55,2202500.75,2688.17,POINT (548069.55 2202500.75)
0.0,Neogene_Lac,549951.05,2202500.75,2586.41,POINT (549951.05 2202500.75)
0.0,Cretaceous_limestone,548639.39,2202500.75,-1000.0,POINT (548639.39 2202500.75)
0.0,Cretaceous_limestone,548364.48,2202500.75,-1000.0,POINT (548364.48 2202500.75)
0.0,Paleogene_Volcanic,549792.8,2202500.75,947.45,POINT (549792.8 2202500.75)
0.0,Neogene_Lac,548684.81,2202500.75,2541.32,POINT (548684.81 2202500.75)
0.0,Neogene_Lac,550139.85,2202500.75,2559.86,POINT (550139.85 2202500.75)
0.0,Paleogene_Volcanic,548761.35,2202500.75,942.28,POINT (548761.35 2202500.75)
0.0,Neogene_Lac,552215.13,2202500.75,2585.82,POINT (552215.13 2202500.75)
0.0,Neogene_Lac,551031.77,2202500.75,2558.09,POINT (551031.77 2202500.75)
0.0,Quaternary_volcanic,552540.34,2202500.75,2145.91,POINT (552540.34 2202500.75)
0.0,Neogene_Lac,552751.58,2202500.75,2585.82,POINT (552751.58 2202500.75)
0.0,Neogene_Lac,553237.74,2202500.75,2569.05,POINT (553237.74 2202500.75)
0.0,Quaternary_volcanic,554227.06,2202500.75,2311.27,POINT (554227.06 2202500.75)
0.0,Neogene_Lac,553503.01,2202500.75,2793.51,POINT (553503.01 2202500.75)
0.0,Neogene_Volcanic,553596.3,2202500.75,1648.1,POINT (553596.3 2202500.75)
0.0,Neogene_Volcanic,554345.54,2202500.75,1682.73,POINT (554345.54 2202500.75)
0.0,Quaternary_volcanic,553615.21,2202500.75,2195.52,POINT (553615.21 2202500.75)
0.0,Neogene_Lac,563181.27,2202500.75,2415.94,POINT (563181.27 2202500.75)
0.0,Paleogene_Volcanic,561247.45,2202500.75,1041.42,POINT (561247.45 2202500.75)
0.0,Neogene_Lac,562919.33,2202500.75,2423.88,POINT (562919.33 2202500.75)
0.0,Neogene_Lac,563546.4,2202500.75,2408.0,POINT (563546.4 2202500.75)
0.0,Cretaceous_limestone,564660.5,2202500.75,-1000.0,POINT (564660.5 2202500.75)
,Neogene_Lac,563209.2249999996,2202744.1868,2595.0,POINT (563209.2249999996 2202744.1868)
,Quaternary_volcanic,563209.2249999996,2202744.1868,2595.0,POINT (563209.2249999996 2202744.1868)
,Quaternary_volcanic,562496.6984999999,2202890.3608,2616.0,POINT (562496.6984999999 2202890.3608)
,Quaternary_volcanic,560127.6947999997,2203361.0494,2800.0,POINT (560127.6947999997 2203361.0494)
,Quaternary_volcanic,563154.5341999996,2204313.5513000004,2680.0,POINT (563154.5341999996 2204313.5513000004)
,Quaternary_volcanic,557841.6902000001,2202831.8817,2799.0,POINT (557841.6902000001 2202831.8817)
0.0,Neogene_Volcanic,557150.46,2203323.21,2076.15,POINT (557150.46 2203323.21)
0.0,Quaternary_volcanic,557304.01,2203567.84,2800.77,POINT (557304.01 2203567.84)
0.0,Quaternary_volcanic,557409.06,2203735.22,2670.44,POINT (557409.06 2203735.22)
,Neogene_Lac,555667.9978,2203767.3715000004,2798.0,POINT (555667.9978 2203767.3715000004)
,Quaternary_volcanic,555667.9978,2203767.3715000004,2798.0,POINT (555667.9978 2203767.3715000004)
0.0,Quaternary_volcanic,557604.08,2204045.93,2631.78,POINT (557604.08 2204045.93)
0.0,Quaternary_volcanic,557649.79,2204118.76,2578.86,POINT (557649.79 2204118.76)
0.0,Quaternary_volcanic,557727.15,2204242.02,2539.17,POINT (557727.15 2204242.02)
0.0,Neogene_Volcanic,557793.96,2204348.46,1831.41,POINT (557793.96 2204348.46)
0.0,Quaternary_volcanic,550555.96,2202500.75,1930.93,POINT (550555.96 2202500.75)
0.0,Neogene_Lac,550579.14,2202500.75,2558.09,POINT (550579.14 2202500.75)
0.0,Quaternary_volcanic,551101.67,2202500.75,2030.15,POINT (551101.67 2202500.75)
0.0,Neogene_Lac,551239.87,2202500.75,2844.76,POINT (551239.87 2202500.75)
0.0,Quaternary_volcanic,551663.91,2202500.75,2063.23,POINT (551663.91 2202500.75)
0.0,Neogene_Lac,552011.01,2202500.75,2794.73,POINT (552011.01 2202500.75)
,Quaternary_volcanic,551943.4495000001,2202557.0278,2793.0,POINT (551943.4495000001 2202557.0278)
,Quaternary_volcanic,551250.4304999998,2204155.4471000005,2728.0,POINT (551250.4304999998 2204155.4471000005)
0.0,Quaternary_volcanic,551602.74,2207500.75,1844.24,POINT (551602.74 2207500.75)
0.0,Cretaceous_limestone,551664.27,2207500.75,-1000.0,POINT (551664.27 2207500.75)
0.0,Quaternary_volcanic,557860.77,2204454.91,2499.49,POINT (557860.77 2204454.91)
0.0,Quaternary_volcanic,557962.75,2204617.38,2539.17,POINT (557962.75 2204617.38)
0.0,Quaternary_volcanic,558099.89,2204835.88,2525.94,POINT (558099.89 2204835.88)
0.0,Neogene_Volcanic,558208.9,2205009.56,1831.41,POINT (558208.9 2205009.56)
0.0,Quaternary_volcanic,558307.35,2205166.43,2426.72,POINT (558307.35 2205166.43)
0.0,Quaternary_volcanic,558448.01,2205390.53,2512.71,POINT (558448.01 2205390.53)
,Quaternary_volcanic,555492.1854999997,2205541.2204,2788.0,POINT (555492.1854999997 2205541.2204)
,Quaternary_volcanic,554709.0173000004,2205583.5539,2793.0,POINT (554709.0173000004 2205583.5539)
0.0,Quaternary_volcanic,558620.31,2205665.05,2519.33,POINT (558620.31 2205665.05)
0.0,Paleogene_Volcanic,558702.47,2205795.95,1057.1,POINT (558702.47 2205795.95)
0.0,Paleogene_Volcanic,573072.23,2202500.75,1118.13,POINT (573072.23 2202500.75)
0.0,Neogene_Volcanic,573066.03,2202500.75,1639.02,POINT (573066.03 2202500.75)
0.0,Neogene_Lac,575137.8,2202500.75,2608.94,POINT (575137.8 2202500.75)
0.0,Neogene_Lac,575084.5,2202500.75,2474.92,POINT (575084.5 2202500.75)
0.0,Neogene_Lac,574602.03,2202500.75,2384.19,POINT (574602.03 2202500.75)
0.0,Neogene_Lac,574912.52,2202500.75,2411.42,POINT (574912.52 2202500.75)
0.0,Neogene_Lac,574391.15,2202500.75,2404.36,POINT (574391.15 2202500.75)
0.0,Paleogene_Volcanic,574830.67,2202500.75,1248.3,POINT (574830.67 2202500.75)
0.0,Neogene_Volcanic,574830.67,2202500.75,1723.99,POINT (574830.67 2202500.75)
0.0,Quaternary_volcanic,574356.61,2202500.75,2117.7,POINT (574356.61 2202500.75)
0.0,Paleogene_Volcanic,573711.61,2202500.75,1248.3,POINT (573711.61 2202500.75)
0.0,Quaternary_volcanic,573542.35,2202500.75,1994.9,POINT (573542.35 2202500.75)
0.0,Neogene_Volcanic,573624.02,2202500.75,1723.99,POINT (573624.02 2202500.75)
0.0,Neogene_Lac,573500.84,2202500.75,2612.06,POINT (573500.84 2202500.75)
0.0,Paleogene_Volcanic,573368.96,2202500.75,1248.3,POINT (573368.96 2202500.75)
0.0,Neogene_Volcanic,573351.52,2202500.75,1639.02,POINT (573351.52 2202500.75)
0.0,Neogene_Lac,573767.43,2202500.75,2414.69,POINT (573767.43 2202500.75)
0.0,Quaternary_volcanic,573172.1,2202500.75,1993.62,POINT (573172.1 2202500.75)
0.0,Quaternary_volcanic,574799.44,2202500.75,2114.72,POINT (574799.44 2202500.75)
0.0,Neogene_Lac,574785.49,2202500.75,2393.55,POINT (574785.49 2202500.75)
0.0,Neogene_Volcanic,574328.72,2202500.75,1723.99,POINT (574328.72 2202500.75)
0.0,Paleogene_Volcanic,574251.92,2202500.75,1248.3,POINT (574251.92 2202500.75)
0.0,Neogene_Lac,574221.48,2202500.75,2404.93,POINT (574221.48 2202500.75)
0.0,Neogene_Lac,574177.5,2202500.75,2405.08,POINT (574177.5 2202500.75)
0.0,Quaternary_volcanic,574135.32,2202500.75,2119.2,POINT (574135.32 2202500.75)
0.0,Neogene_Lac,573991.36,2202500.75,2409.08,POINT (573991.36 2202500.75)
0.0,ATF,573979.26,2202500.75,2598.13,POINT (573979.26 2202500.75)
0.0,Neogene_Volcanic,573955.03,2202500.75,1723.99,POINT (573955.03 2202500.75)
0.0,Quaternary_volcanic,573837.01,2202500.75,2121.21,POINT (573837.01 2202500.75)
,Quaternary_volcanic,573690.3727000002,2202841.112299999,2614.0,POINT (573690.3727000002 2202841.112299999)
0.0,Quaternary_volcanic,570431.59,2202500.75,1984.12,POINT (570431.59 2202500.75)
0.0,Paleogene_Volcanic,570598.74,2202500.75,1118.13,POINT (570598.74 2202500.75)
0.0,Cretaceous_limestone,571949.97,2202500.75,-1000.0,POINT (571949.97 2202500.75)
0.0,Paleogene_Volcanic,572748.53,2202500.75,1118.13,POINT (572748.53 2202500.75)
0.0,Quaternary_volcanic,571299.56,2202500.75,1987.13,POINT (571299.56 2202500.75)
,Quaternary_volcanic,571068.0385999996,2205472.2313,2683.0,POINT (571068.0385999996 2205472.2313)
,Quaternary_volcanic,571385.1288000001,2207240.3312,2495.0,POINT (571385.1288000001 2207240.3312)
0.0,Paleogene_Volcanic,571903.74,2207500.75,1268.23,POINT (571903.74 2207500.75)
0.0,Quaternary_volcanic,571911.1,2207500.75,2486.17,POINT (571911.1 2207500.75)
0.0,Quaternary_volcanic,571939.8,2207500.75,2510.01,POINT (571939.8 2207500.75)
0.0,Neogene_Volcanic,582980.09,2202500.77,1723.99,POINT (582980.09 2202500.77)
0.0,Paleogene_Volcanic,582980.09,2202500.77,1248.3,POINT (582980.09 2202500.77)
,Quaternary_volcanic,582958.0856999997,2202824.7249,2782.0,POINT (582958.0856999997 2202824.7249)
,Quaternary_volcanic,579813.2339000003,2203401.3818,2757.0,POINT (579813.2339000003 2203401.3818)
,Quaternary_volcanic,580980.5203999998,2203706.3083999995,2746.0,POINT (580980.5203999998 2203706.3083999995)
0.0,Quaternary_volcanic,579380.97,2207500.75,2552.31,POINT (579380.97 2207500.75)
0.0,Cretaceous_limestone,582973.67,2207500.75,-1000.0,POINT (582973.67 2207500.75)
0.0,Quaternary_volcanic,579521.8,2207500.75,2689.82,POINT (579521.8 2207500.75)
0.0,Paleogene_Volcanic,582977.87,2207500.75,1288.63,POINT (582977.87 2207500.75)
,Neogene_Lac,573690.3727000002,2202841.112299999,2614.0,POINT (573690.3727000002 2202841.112299999)
,Neogene_Lac,575560.2675999999,2203495.8922000006,2669.0,POINT (575560.2675999999 2203495.8922000006)
,Quaternary_volcanic,578958.6216000002,2206817.4882999994,2775.0,POINT (578958.6216000002 2206817.4882999994)
,Quaternary_volcanic,575663.7237,2207042.1271,2476.0,POINT (575663.7237 2207042.1271)
0.0,Neogene_Volcanic,574809.5,2207500.75,1668.3,POINT (574809.5 2207500.75)
0.0,Quaternary_volcanic,575372.52,2207500.75,2128.98,POINT (575372.52 2207500.75)
0.0,Paleogene_Volcanic,574809.5,2207500.75,1273.58,POINT (574809.5 2207500.75)
0.0,Quaternary_volcanic,577260.3,2207500.75,2013.83,POINT (577260.3 2207500.75)
0.0,Quaternary_volcanic,575941.38,2207500.75,1970.23,POINT (575941.38 2207500.75)
0.0,Quaternary_volcanic,578944.4,2207500.75,2327.42,POINT (578944.4 2207500.75)
0.0,Quaternary_volcanic,577542.11,2207500.75,2023.14,POINT (577542.11 2207500.75)
0.0,Quaternary_volcanic,575206.7,2207500.75,2455.62,POINT (575206.7 2207500.75)
0.0,Quaternary_volcanic,578481.38,2207500.75,2168.67,POINT (578481.38 2207500.75)
0.0,Cretaceous_limestone,576624.31,2207500.75,-1000.0,POINT (576624.31 2207500.75)
0.0,Cretaceous_limestone,576419.9,2207500.75,-1000.0,POINT (576419.9 2207500.75)
0.0,Neogene_Volcanic,577189.72,2207500.75,1679.36,POINT (577189.72 2207500.75)
0.0,Paleogene_Volcanic,577104.98,2207500.75,1277.81,POINT (577104.98 2207500.75)
0.0,Paleogene_Volcanic,577390.36,2207500.75,1278.34,POINT (577390.36 2207500.75)
0.0,Paleogene_Volcanic,577390.36,2207500.75,1278.34,POINT (577390.36 2207500.75)
0.0,Neogene_Volcanic,577390.47,2207500.75,1680.29,POINT (577390.47 2207500.75)
0.0,Neogene_Volcanic,577390.47,2207500.75,1680.29,POINT (577390.47 2207500.75)
0.0,Paleogene_Volcanic,576900.5,2207500.75,1277.43,POINT (576900.5 2207500.75)
0.0,Neogene_Volcanic,576985.11,2207500.75,1678.41,POINT (576985.11 2207500.75)
0.0,Quaternary_volcanic,577054.46,2207500.75,2007.02,POINT (577054.46 2207500.75)
0.0,Quaternary_volcanic,577542.11,2207500.75,2023.14,POINT (577542.11 2207500.75)
,ATF,577279.26,2207500.75,2588.0,POINT (577279.26 2207500.75)
,Quaternary_volcanic,574200.3010999998,2208722.0008000005,2405.0,POINT (574200.3010999998 2208722.0008000005)
,Quaternary_volcanic,574803.1491,2208807.1855,2430.0,POINT (574803.1491 2208807.1855)
,Quaternary_volcanic,574151.3233000003,2209425.0557000004,2394.0,POINT (574151.3233000003 2209425.0557000004)
,Quaternary_volcanic,578945.3925000001,2210534.8915,2542.0,POINT (578945.3925000001 2210534.8915)
0.0,Paleogene_Volcanic,572106.23,2207500.75,1268.6,POINT (572106.23 2207500.75)
,F10,571807.61,2207500.75,2500.0,POINT (571807.61 2207500.75)
0.0,Cretaceous_limestone,572267.26,2207500.75,-1000.0,POINT (572267.26 2207500.75)
0.0,Neogene_Volcanic,572044.23,2207500.75,1655.46,POINT (572044.23 2207500.75)
0.0,Quaternary_volcanic,568269.91,2207500.75,1976.59,POINT (568269.91 2207500.75)
0.0,Cretaceous_limestone,572469.81,2207500.75,-1000.0,POINT (572469.81 2207500.75)
0.0,Quaternary_volcanic,571310.56,2207500.75,1987.13,POINT (571310.56 2207500.75)
0.0,Quaternary_volcanic,571732.35,2207500.75,2337.63,POINT (571732.35 2207500.75)
0.0,Neogene_Volcanic,571841.83,2207500.75,1654.52,POINT (571841.83 2207500.75)
,Quaternary_volcanic,567572.3843999999,2210908.3727,2486.0,POINT (567572.3843999999 2210908.3727)
0.0,Neogene_Volcanic,582978.64,2207500.75,1706.25,POINT (582978.64 2207500.75)
0.0,Neogene_Volcanic,582980.09,2207500.77,1706.25,POINT (582980.09 2207500.77)
0.0,Paleogene_Volcanic,582980.09,2207500.77,1288.63,POINT (582980.09 2207500.77)
,Quaternary_volcanic,580956.2297999999,2209794.0567000005,2628.0,POINT (580956.2297999999 2209794.0567000005)
,Quaternary_volcanic,579884.6651999997,2211765.2064999994,2513.0,POINT (579884.6651999997 2211765.2064999994)
,ATF,580579.26,2212500.75,2477.0,POINT (580579.26 2212500.75)
0.0,Neogene_Volcanic,580710.84,2212500.75,1700.03,POINT (580710.84 2212500.75)
0.0,Neogene_Volcanic,580710.84,2212500.75,1700.03,POINT (580710.84 2212500.75)
0.0,Paleogene_Volcanic,580763.12,2212500.75,1358.88,POINT (580763.12 2212500.75)
0.0,Paleogene_Volcanic,582980.09,2212500.75,1408.44,POINT (582980.09 2212500.75)
0.0,Paleogene_Volcanic,551635.82,2207500.75,1231.99,POINT (551635.82 2207500.75)
0.0,Neogene_Volcanic,551635.82,2207500.75,1563.79,POINT (551635.82 2207500.75)
0.0,Quaternary_volcanic,552471.4,2207500.75,1846.04,POINT (552471.4 2207500.75)
0.0,Neogene_Volcanic,552859.79,2207500.75,1566.35,POINT (552859.79 2207500.75)
0.0,Neogene_Volcanic,552411.5,2207500.75,1564.27,POINT (552411.5 2207500.75)
0.0,Paleogene_Volcanic,552710.59,2207500.75,1232.86,POINT (552710.59 2207500.75)
0.0,Paleogene_Volcanic,552136.41,2207500.75,1231.99,POINT (552136.41 2207500.75)
0.0,Quaternary_volcanic,552892.65,2207500.75,1849.52,POINT (552892.65 2207500.75)
0.0,Cretaceous_limestone,551866.45,2207500.75,-1000.0,POINT (551866.45 2207500.75)
0.0,Cretaceous_limestone,551255.48,2207500.75,-1000.0,POINT (551255.48 2207500.75)
,Quaternary_volcanic,562604.1997999996,2205477.7203,2752.0,POINT (562604.1997999996 2205477.7203)
0.0,Quaternary_volcanic,565542.05,2207500.75,1954.05,POINT (565542.05 2207500.75)
,Quaternary_volcanic,564656.1056000004,2211851.8464,2400.0,POINT (564656.1056000004 2211851.8464)
0.0,Quaternary_Pyro,564653.49,2212500.75,2214.37,POINT (564653.49 2212500.75)
0.0,Quaternary_volcanic,564341.8,2212500.75,2375.19,POINT (564341.8 2212500.75)
0.0,Quaternary_volcanic,564226.36,2212500.75,2255.55,POINT (564226.36 2212500.75)
0.0,Neogene_Volcanic,561500.79,2212500.75,1866.5,POINT (561500.79 2212500.75)
0.0,Quaternary_Pyro,564550.47,2212500.75,2391.81,POINT (564550.47 2212500.75)
0.0,Quaternary_Pyro,565287.08,2212500.75,2452.57,POINT (565287.08 2212500.75)
0.0,Paleogene_Volcanic,561435.99,2212500.75,1415.35,POINT (561435.99 2212500.75)
0.0,Neogene_Volcanic,558702.47,2205795.95,1844.64,POINT (558702.47 2205795.95)
0.0,Quaternary_volcanic,558702.47,2205795.95,2459.8,POINT (558702.47 2205795.95)
0.0,Cretaceous_limestone,558702.47,2205795.95,-1000.0,POINT (558702.47 2205795.95)
,Quaternary_volcanic,555259.3517000005,2206366.722100001,2800.0,POINT (555259.3517000005 2206366.722100001)
0.0,Quaternary_volcanic,558955.52,2207500.75,1899.62,POINT (558955.52 2207500.75)
0.0,Paleogene_Volcanic,555284.63,2212500.75,1563.14,POINT (555284.63 2212500.75)
0.0,Neogene_Volcanic,555500.9,2212500.75,2018.34,POINT (555500.9 2212500.75)
0.0,Quaternary_volcanic,555468.4,2212500.75,2283.76,POINT (555468.4 2212500.75)
0.0,Neogene_Volcanic,554744.61,2212500.75,2034.93,POINT (554744.61 2212500.75)
0.0,Cretaceous_limestone,554698.43,2212500.75,-1000.0,POINT (554698.43 2212500.75)
,Quaternary_alluvial,548141.5311000003,2207114.5777000003,2598.0,POINT (548141.5311000003 2207114.5777000003)
0.0,Paleogene_Volcanic,548352.18,2207500.75,1231.99,POINT (548352.18 2207500.75)
0.0,Neogene_Volcanic,548066.53,2207500.75,1563.79,POINT (548066.53 2207500.75)
0.0,Quaternary_volcanic,547865.24,2207500.75,1839.59,POINT (547865.24 2207500.75)
,Quaternary_alluvial,549040.8174,2208748.427100001,2585.0,POINT (549040.8174 2208748.427100001)
,Quaternary_volcanic,549839.3125,2209679.9098000005,2582.0,POINT (549839.3125 2209679.9098000005)
,Quaternary_volcanic,549138.1653000005,2209944.4936999995,2591.0,POINT (549138.1653000005 2209944.4936999995)
,Quaternary_volcanic,548397.7032000003,2211821.767000001,2713.0,POINT (548397.7032000003 2211821.767000001)
,Quaternary_volcanic,549067.6176000005,2211850.9671,2645.0,POINT (549067.6176000005 2211850.9671)
0.0,Quaternary_Pyro,550282.62,2212500.75,2602.72,POINT (550282.62 2212500.75)
0.0,Paleogene_Volcanic,552340.92,2207500.75,1232.18,POINT (552340.92 2207500.75)
0.0,Cretaceous_limestone,552363.42,2207500.75,-1000.0,POINT (552363.42 2207500.75)
0.0,TxF,552555.31,2207500.75,2721.79,POINT (552555.31 2207500.75)
0.0,Neogene_Volcanic,552206.93,2207500.75,1563.79,POINT (552206.93 2207500.75)
0.0,Quaternary_volcanic,552266.72,2207500.75,1845.06,POINT (552266.72 2207500.75)
,Quaternary_volcanic,550805.0436000004,2211412.9341,2581.0,POINT (550805.0436000004 2211412.9341)
,Quaternary_volcanic,551796.5094999997,2211737.3528000005,2583.0,POINT (551796.5094999997 2211737.3528000005)
0.0,Cretaceous_limestone,554101.8,2212500.75,-1000.0,POINT (554101.8 2212500.75)
0.0,Quaternary_volcanic,551638.15,2212500.75,2563.3,POINT (551638.15 2212500.75)
0.0,Quaternary_volcanic,553633.49,2212500.75,2259.81,POINT (553633.49 2212500.75)
0.0,Quaternary_volcanic,554799.39,2212500.75,2292.68,POINT (554799.39 2212500.75)
0.0,Paleogene_Volcanic,554647.23,2212500.75,1576.79,POINT (554647.23 2212500.75)
0.0,TxF,554985.67,2212500.75,2688.06,POINT (554985.67 2212500.75)
0.0,Paleogene_Volcanic,554851.01,2212500.75,1573.56,POINT (554851.01 2212500.75)
0.0,Neogene_Volcanic,554948.52,2212500.75,2032.32,POINT (554948.52 2212500.75)
0.0,Quaternary_volcanic,555004.03,2212500.75,2293.45,POINT (555004.03 2212500.75)
0.0,Quaternary_volcanic,554465.35,2212500.75,2283.26,POINT (554465.35 2212500.75)
0.0,Neogene_Volcanic,554430.2,2212500.75,2035.05,POINT (554430.2 2212500.75)
0.0,Quaternary_volcanic,552389.33,2212500.75,2224.73,POINT (552389.33 2212500.75)
0.0,Cretaceous_limestone,554303.98,2212500.75,-1000.0,POINT (554303.98 2212500.75)
0.0,Paleogene_Volcanic,554228.87,2212500.75,1580.0,POINT (554228.87 2212500.75)
0.0,Cretaceous_limestone,553709.36,2212500.75,-1000.0,POINT (553709.36 2212500.75)
0.0,Quaternary_Pyro,550042.23,2212500.75,2501.29,POINT (550042.23 2212500.75)
0.0,Quaternary_Pyro,564945.59,2212500.75,2208.02,POINT (564945.59 2212500.75)
0.0,Quaternary_volcanic,564035.53,2212500.75,2104.93,POINT (564035.53 2212500.75)
0.0,Quaternary_volcanic,561537.65,2212500.75,2157.07,POINT (561537.65 2212500.75)
0.0,Quaternary_Pyro,565231.34,2212500.75,2265.17,POINT (565231.34 2212500.75)
,Quaternary_volcanic,575461.0252,2210697.9387,2400.0,POINT (575461.0252 2210697.9387)
,Neogene_pyro,575645.4948000005,2211175.6603,2416.0,POINT (575645.4948000005 2211175.6603)
,Quaternary_volcanic,577506.0911999997,2211207.460000001,2496.0,POINT (577506.0911999997 2211207.460000001)
,Neogene_pyro,573882.8004999999,2211494.8397000004,2360.0,POINT (573882.8004999999 2211494.8397000004)
,Quaternary_volcanic,573882.8004999999,2211494.8397000004,2360.0,POINT (573882.8004999999 2211494.8397000004)
,Neogene_pyro,578275.7701000003,2211832.8968,2468.0,POINT (578275.7701000003 2211832.8968)
0.0,Neogene_pyro,573450.34,2212500.75,2203.34,POINT (573450.34 2212500.75)
0.0,Neogene_pyro,577614.8,2212500.75,2465.42,POINT (577614.8 2212500.75)
0.0,Neogene_pyro,576619.51,2212500.75,2265.56,POINT (576619.51 2212500.75)
0.0,Neogene_pyro,574599.85,2212500.75,2230.19,POINT (574599.85 2212500.75)
,Neogene_pyro,570420.5798000004,2211172.7698,2419.0,POINT (570420.5798000004 2211172.7698)
,Quaternary_volcanic,570420.5798000004,2211172.7698,2419.0,POINT (570420.5798000004 2211172.7698)
,Neogene_pyro,568975.0933999997,2211678.6263999995,2405.0,POINT (568975.0933999997 2211678.6263999995)
0.0,Neogene_pyro,568735.1,2212500.75,2352.33,POINT (568735.1 2212500.75)
0.0,Paleogene_Volcanic,571969.0,2212500.75,1162.29,POINT (571969 2212500.75)
0.0,Paleogene_Volcanic,568122.69,2212500.75,1254.7,POINT (568122.69 2212500.75)
0.0,Neogene_Volcanic,571762.62,2212500.75,1606.79,POINT (571762.62 2212500.75)
0.0,Neogene_pyro,570830.96,2212500.75,2227.15,POINT (570830.96 2212500.75)
0.0,Neogene_pyro,571521.53,2212500.75,2227.15,POINT (571521.53 2212500.75)
0.0,Neogene_Volcanic,568154.74,2212500.75,1698.1,POINT (568154.74 2212500.75)
0.0,Paleogene_Volcanic,580763.12,2212500.75,1358.88,POINT (580763.12 2212500.75)
0.0,Neogene_Volcanic,580308.02,2212500.75,1695.84,POINT (580308.02 2212500.75)
0.0,Paleogene_Volcanic,579701.67,2212500.75,1335.15,POINT (579701.67 2212500.75)
0.0,Cretaceous_limestone,579662.87,2212500.75,-1000.0,POINT (579662.87 2212500.75)
0.0,Paleogene_Volcanic,580232.58,2212500.75,1347.02,POINT (580232.58 2212500.75)
0.0,Cretaceous_limestone,580078.59,2212500.75,-1000.0,POINT (580078.59 2212500.75)
0.0,Cretaceous_limestone,579929.65,2212500.75,-1000.0,POINT (579929.65 2212500.75)
0.0,Cretaceous_limestone,579662.87,2212500.75,-1000.0,POINT (579662.87 2212500.75)
0.0,Neogene_Volcanic,579644.57,2212500.75,1688.92,POINT (579644.57 2212500.75)
0.0,Paleogene_Volcanic,579903.53,2212500.75,1339.67,POINT (579903.53 2212500.75)
,F10,579620.11,2212500.75,2468.0,POINT (579620.11 2212500.75)
0.0,Paleogene_Volcanic,580438.2,2212500.75,1351.62,POINT (580438.2 2212500.75)
0.0,Neogene_Volcanic,579846.81,2212500.75,1691.03,POINT (579846.81 2212500.75)
0.0,Neogene_Volcanic,582980.09,2212500.75,1723.68,POINT (582980.09 2212500.75)
0.0,Cretaceous_limestone,582980.09,2212500.75,-1000.0,POINT (582980.09 2212500.75)
0.0,Cretaceous_limestone,580281.18,2212500.75,-1000.0,POINT (580281.18 2212500.75)
0.0,Neogene_Volcanic,580513.1,2212500.75,1697.97,POINT (580513.1 2212500.75)
0.0,Cretaceous_limestone,579725.03,2212500.75,-1000.0,POINT (579725.03 2212500.75)
0.0,Neogene_Volcanic,582980.09,2212500.77,1723.68,POINT (582980.09 2212500.77)
0.0,Paleogene_Volcanic,582980.09,2212500.77,1408.44,POINT (582980.09 2212500.77)
0.0,Neogene_pyro,574695.19,2212500.75,2232.42,POINT (574695.19 2212500.75)
0.0,Paleogene_Volcanic,574809.5,2212500.75,1225.79,POINT (574809.5 2212500.75)
0.0,Neogene_Volcanic,574809.5,2212500.75,1638.54,POINT (574809.5 2212500.75)
0.0,Neogene_pyro,575419.36,2212500.75,2221.11,POINT (575419.36 2212500.75)
,Neogene_pyro,574666.8461999996,2212880.6489000004,2334.0,POINT (574666.8461999996 2212880.6489000004)
,Neogene_pyro,576401.9730000002,2213100.95,2386.0,POINT (576401.9730000002 2213100.95)
,Neogene_pyro,577746.6023000004,2213430.9834000003,2366.0,POINT (577746.6023000004 2213430.9834000003)
,Neogene_pyro,573634.0229000002,2213593.3351000007,2298.0,POINT (573634.0229000002 2213593.3351000007)
,Neogene_pyro,574304.8750999998,2213596.7864999995,2302.0,POINT (574304.8750999998 2213596.7864999995)
,Neogene_pyro,576085.0157000003,2213600.317,2317.0,POINT (576085.0157000003 2213600.317)
0.0,Neogene_pyro,570195.96,2212500.75,2147.78,POINT (570195.96 2212500.75)
0.0,Neogene_pyro,569394.27,2212500.75,2171.59,POINT (569394.27 2212500.75)
0.0,Neogene_pyro,572410.53,2212500.75,2195.4,POINT (572410.53 2212500.75)
,Neogene_pyro,572299.9965000004,2213766.8118,2287.0,POINT (572299.9965000004 2213766.8118)
0.0,Quaternary_volcanic,548746.62,2192553.59,2021.34,POINT (548746.62 2192553.59)
0.0,Paleogene_Volcanic,548729.52,2192557.15,303.1,POINT (548729.52 2192557.15)
0.0,Neogene_Volcanic,548635.25,2192576.78,1203.91,POINT (548635.25 2192576.78)
0.0,Quaternary_volcanic,548550.51,2192594.41,2013.59,POINT (548550.51 2192594.41)
,F10,548524.81,2192599.76,3200.0,POINT (548524.81 2192599.76)
0.0,Quaternary_volcanic,548497.06,2192605.54,2011.47,POINT (548497.06 2192605.54)
0.0,Neogene_Volcanic,547817.29,2192747.03,1278.55,POINT (547817.29 2192747.03)
0.0,Paleogene_Volcanic,547817.29,2192747.03,304.88,POINT (547817.29 2192747.03)
0.0,Cretaceous_limestone,547817.29,2192747.03,-1000.0,POINT (547817.29 2192747.03)
0.0,Quaternary_volcanic,547817.29,2192747.03,2011.47,POINT (547817.29 2192747.03)
0.0,Neogene_Volcanic,545723.83,2192500.75,998.57,POINT (545723.83 2192500.75)
0.0,Quaternary_alluvial,545090.77,2192500.75,2384.62,POINT (545090.77 2192500.75)
,Quaternary_alluvial,544730.3180999998,2193085.1399000008,2487.0,POINT (544730.3180999998 2193085.1399000008)
0.0,Quaternary_volcanic,546195.33,2197500.75,1991.7,POINT (546195.33 2197500.75)
0.0,Cretaceous_limestone,546104.69,2197500.75,-1000.0,POINT (546104.69 2197500.75)
0.0,Neogene_Volcanic,546014.3,2197500.75,1461.18,POINT (546014.3 2197500.75)
0.0,Quaternary_volcanic,546977.06,2197500.75,2324.69,POINT (546977.06 2197500.75)
0.0,Neogene_Volcanic,546879.7,2197500.75,1841.84,POINT (546879.7 2197500.75)
0.0,TxF,546950.88,2197500.75,2700.76,POINT (546950.88 2197500.75)
0.0,Paleogene_Volcanic,546410.53,2197500.75,526.84,POINT (546410.53 2197500.75)
0.0,Cretaceous_limestone,546306.69,2197500.75,-1000.0,POINT (546306.69 2197500.75)
0.0,Paleogene_Volcanic,545749.81,2197500.75,536.84,POINT (545749.81 2197500.75)
0.0,Cretaceous_limestone,545617.39,2197500.75,-1000.0,POINT (545617.39 2197500.75)
0.0,Neogene_Volcanic,546599.07,2197500.75,1461.92,POINT (546599.07 2197500.75)
0.0,Paleogene_Volcanic,546679.38,2197500.75,848.34,POINT (546679.38 2197500.75)
0.0,Quaternary_volcanic,546707.38,2197500.75,1999.08,POINT (546707.38 2197500.75)
,Quaternary_alluvial,544214.3494999995,2201422.477,2607.0,POINT (544214.3494999995 2201422.477)
0.0,Cretaceous_limestone,547209.5,2197500.75,-1000.0,POINT (547209.5 2197500.75)
0.0,Paleogene_Volcanic,547209.5,2197500.75,831.75,POINT (547209.5 2197500.75)
0.0,Quaternary_volcanic,547209.5,2197500.75,2327.4,POINT (547209.5 2197500.75)
0.0,Neogene_Volcanic,547209.5,2197500.75,1847.63,POINT (547209.5 2197500.75)
0.0,Quaternary_volcanic,549292.64,2202500.75,1841.38,POINT (549292.64 2202500.75)
0.0,Neogene_Volcanic,549408.58,2202500.75,1454.5,POINT (549408.58 2202500.75)
0.0,Neogene_Lac,549475.29,2202500.75,2632.53,POINT (549475.29 2202500.75)
0.0,Quaternary_volcanic,549499.79,2202500.75,1849.55,POINT (549499.79 2202500.75)
0.0,TxF,549639.04,2202500.75,2897.26,POINT (549639.04 2202500.75)
0.0,Neogene_Lac,549678.75,2202500.75,2624.72,POINT (549678.75 2202500.75)
0.0,Quaternary_volcanic,544502.82,2202500.75,1835.42,POINT (544502.82 2202500.75)
0.0,Paleogene_Volcanic,545889.23,2202500.75,942.28,POINT (545889.23 2202500.75)
0.0,Quaternary_volcanic,546809.5,2202500.75,1838.29,POINT (546809.5 2202500.75)
0.0,Paleogene_Volcanic,546809.5,2202500.75,942.28,POINT (546809.5 2202500.75)
0.0,Neogene_Volcanic,546809.5,2202500.75,1447.59,POINT (546809.5 2202500.75)
0.0,Paleogene_Volcanic,544873.23,2202500.75,942.28,POINT (544873.23 2202500.75)
0.0,Neogene_Volcanic,544735.64,2202500.75,1446.7,POINT (544735.64 2202500.75)
0.0,Neogene_Volcanic,546809.5,2202500.75,1447.59,POINT (546809.5 2202500.75)
0.0,Paleogene_Volcanic,546809.5,2202500.75,942.28,POINT (546809.5 2202500.75)
0.0,Quaternary_volcanic,546809.5,2202500.75,1838.29,POINT (546809.5 2202500.75)
0.0,Neogene_Volcanic,548808.97,2202500.75,1449.28,POINT (548808.97 2202500.75)
0.0,Cretaceous_limestone,548841.92,2202500.75,-1000.0,POINT (548841.92 2202500.75)
0.0,Quaternary_volcanic,548904.16,2202500.75,1840.89,POINT (548904.16 2202500.75)
0.0,Paleogene_Volcanic,549085.07,2202500.75,942.28,POINT (549085.07 2202500.75)
0.0,Cretaceous_limestone,549189.98,2202500.75,-1000.0,POINT (549189.98 2202500.75)
0.0,Neogene_Volcanic,549202.19,2202500.75,1449.61,POINT (549202.19 2202500.75)
0.0,Neogene_Lac,549206.7,2202500.75,2601.54,POINT (549206.7 2202500.75)
0.0,Paleogene_Volcanic,549290.57,2202500.75,943.33,POINT (549290.57 2202500.75)
,Quaternary_alluvial,547582.6854999997,2204854.0295,2600.0,POINT (547582.6854999997 2204854.0295)
,Quaternary_alluvial,547811.5694000004,2205256.7897999994,2595.0,POINT (547811.5694000004 2205256.7897999994)
0.0,Cretaceous_limestone,546809.5,2202500.75,-1000.0,POINT (546809.5 2202500.75)
0.0,Quaternary_volcanic,545709.32,2202500.75,1836.92,POINT (545709.32 2202500.75)
0.0,Cretaceous_limestone,546809.5,2202500.75,-1000.0,POINT (546809.5 2202500.75)
0.0,Neogene_Volcanic,545751.65,2202500.75,1446.7,POINT (545751.65 2202500.75)
,Quaternary_alluvial,544777.5292999996,2202778.9748,2567.0,POINT (544777.5292999996 2202778.9748)
,Quaternary_alluvial,544581.4605999999,2205900.5074000005,2600.0,POINT (544581.4605999999 2205900.5074000005)
,Quaternary_alluvial,545037.5577999996,2206825.5590000004,2563.0,POINT (545037.5577999996 2206825.5590000004)
,Quaternary_alluvial,545323.7128999997,2207360.6406999994,2578.0,POINT (545323.7128999997 2207360.6406999994)
0.0,Cretaceous_limestone,546809.5,2207500.75,-1000.0,POINT (546809.5 2207500.75)
0.0,Cretaceous_limestone,546809.5,2207500.75,-1000.0,POINT (546809.5 2207500.75)
0.0,Quaternary_volcanic,546809.5,2207500.75,1838.27,POINT (546809.5 2207500.75)
0.0,Neogene_Volcanic,546809.5,2207500.75,1563.79,POINT (546809.5 2207500.75)
0.0,Paleogene_Volcanic,546809.5,2207500.75,1231.99,POINT (546809.5 2207500.75)
0.0,Paleogene_Volcanic,546923.43,2207500.75,1231.99,POINT (546923.43 2207500.75)
0.0,Quaternary_volcanic,544469.79,2207500.75,1835.36,POINT (544469.79 2207500.75)
0.0,Neogene_Volcanic,544532.48,2207500.75,1563.79,POINT (544532.48 2207500.75)
0.0,Neogene_Volcanic,544545.49,2207500.75,1563.79,POINT (544545.49 2207500.75)
0.0,Paleogene_Volcanic,544609.09,2207500.75,1231.99,POINT (544609.09 2207500.75)
0.0,Cretaceous_limestone,545124.38,2207500.75,-1000.0,POINT (545124.38 2207500.75)
0.0,Quaternary_volcanic,546701.08,2207500.75,1838.14,POINT (546701.08 2207500.75)
0.0,Neogene_Volcanic,546717.15,2207500.75,1563.79,POINT (546717.15 2207500.75)
0.0,Neogene_Volcanic,546809.5,2207500.75,1563.79,POINT (546809.5 2207500.75)
0.0,Quaternary_volcanic,546809.5,2207500.75,1838.27,POINT (546809.5 2207500.75)
0.0,Paleogene_Volcanic,546809.5,2207500.75,1231.99,POINT (546809.5 2207500.75)
,Quaternary_alluvial,546016.2911999999,2208203.1926000006,2686.0,POINT (546016.2911999999 2208203.1926000006)
,Quaternary_alluvial,544236.2472000001,2209566.566,2621.0,POINT (544236.2472000001 2209566.566)
,Quaternary_alluvial,545050.8757999996,2209898.347100001,2648.0,POINT (545050.8757999996 2209898.347100001)
,Quaternary_alluvial,545258.9934999999,2210608.9849999994,2642.0,POINT (545258.9934999999 2210608.9849999994)
,Quaternary_alluvial,546716.4039000003,2210764.6104000006,2682.0,POINT (546716.4039000003 2210764.6104000006)
,Quaternary_alluvial,547119.8812999995,2211531.305400001,2696.0,POINT (547119.8812999995 2211531.305400001)
,Quaternary_alluvial,547102.2940999996,2211886.0311,2691.0,POINT (547102.2940999996 2211886.0311)
,Quaternary_alluvial,546450.3181999996,2212240.062000001,2697.0,POINT (546450.3181999996 2212240.062000001)
0.0,NF,545687.8,2212500.75,2744.49,POINT (545687.8 2212500.75)
0.0,Quaternary_Pyro,545444.42,2212500.75,2352.47,POINT (545444.42 2212500.75)
0.0,Neogene_Volcanic,545744.25,2212500.75,2055.43,POINT (545744.25 2212500.75)
0.0,Cretaceous_limestone,546652.18,2212500.75,-1000.0,POINT (546652.18 2212500.75)
0.0,Quaternary_Pyro,544865.64,2212500.75,2451.68,POINT (544865.64 2212500.75)
0.0,Neogene_Volcanic,545526.4,2212500.75,2056.93,POINT (545526.4 2212500.75)
0.0,Paleogene_Volcanic,545842.53,2212500.75,1629.73,POINT (545842.53 2212500.75)
0.0,Neogene_Volcanic,546197.27,2212500.75,2052.31,POINT (546197.27 2212500.75)
0.0,Quaternary_Pyro,545667.74,2212500.75,2386.83,POINT (545667.74 2212500.75)
0.0,Quaternary_Pyro,546238.17,2212500.75,2402.07,POINT (546238.17 2212500.75)
0.0,Paleogene_Volcanic,546809.5,2212500.75,1627.73,POINT (546809.5 2212500.75)
0.0,Paleogene_Volcanic,546381.84,2212500.75,1628.61,POINT (546381.84 2212500.75)
0.0,Cretaceous_limestone,546809.5,2212500.75,-1000.0,POINT (546809.5 2212500.75)
0.0,Quaternary_Pyro,546440.85,2212500.75,2713.75,POINT (546440.85 2212500.75)
0.0,Cretaceous_limestone,546449.65,2212500.75,-1000.0,POINT (546449.65 2212500.75)
0.0,Quaternary_Pyro,545869.48,2212500.75,2402.07,POINT (545869.48 2212500.75)
0.0,Neogene_Volcanic,545949.84,2212500.75,2054.01,POINT (545949.84 2212500.75)
0.0,Paleogene_Volcanic,545560.58,2212500.75,1630.31,POINT (545560.58 2212500.75)
0.0,Cretaceous_limestone,545996.25,2212500.75,-1000.0,POINT (545996.25 2212500.75)
0.0,Quaternary_Pyro,545996.25,2212500.75,2402.07,POINT (545996.25 2212500.75)
0.0,Quaternary_Pyro,546469.68,2212500.75,2435.15,POINT (546469.68 2212500.75)
0.0,Paleogene_Volcanic,546047.89,2212500.75,1629.3,POINT (546047.89 2212500.75)
0.0,Quaternary_Pyro,544710.15,2212500.75,2640.12,POINT (544710.15 2212500.75)
0.0,Paleogene_Volcanic,546809.5,2212500.75,1627.73,POINT (546809.5 2212500.75)
0.0,Quaternary_Pyro,548073.72,2212500.75,2543.63,POINT (548073.72 2212500.75)
0.0,Neogene_Volcanic,548372.18,2212500.75,2037.35,POINT (548372.18 2212500.75)
0.0,Quaternary_Pyro,549227.31,2212500.75,2543.63,POINT (549227.31 2212500.75)
0.0,Quaternary_Pyro,547938.58,2212500.75,2697.87,POINT (547938.58 2212500.75)
0.0,Paleogene_Volcanic,548467.54,2212500.75,1624.31,POINT (548467.54 2212500.75)
0.0,Quaternary_Pyro,548235.6,2212500.75,2513.08,POINT (548235.6 2212500.75)
0.0,Quaternary_Pyro,549544.81,2212500.75,2522.46,POINT (549544.81 2212500.75)
0.0,Quaternary_Pyro,548708.73,2212500.75,2522.46,POINT (548708.73 2212500.75)
0.0,Neogene_Volcanic,548372.18,2212500.75,2037.35,POINT (548372.18 2212500.75)
0.0,Quaternary_Pyro,548262.23,2212500.75,2513.6,POINT (548262.23 2212500.75)
,Quaternary_volcanic,544352.0487000002,2213513.9033000004,2672.0,POINT (544352.0487000002 2213513.9033000004)
