Id,formation,X,Y,Z,geometry
0.0,Paleogene_Volcanic,529860.88,2106825.08,-2.66,POINT (529860.8770485526 2106825.0773604997)
0.0,Cretaceous_limestone,529860.88,2106825.08,-1000.0,POINT (529860.8770485526 2106825.0773604997)
0.0,Cretaceous_limestone,529860.88,2106825.08,-1000.0,POINT (529860.8770485526 2106825.0773604997)
0.0,Paleogene_Volcanic,529860.88,2106825.08,-2.66,POINT (529860.8770485526 2106825.0773604997)
0.0,Neogene_Volcanic,529860.88,2106825.08,1071.95,POINT (529860.8770485526 2106825.0773604997)
0.0,Neogene_Volcanic,529860.88,2106825.08,1071.95,POINT (529860.8770485526 2106825.0773604997)
0.0,Neogene_Volcanic,534813.46,2106825.08,1105.78,POINT (534813.4634712583 2106825.0773613346)
0.0,Paleogene_Volcanic,534879.09,2106825.08,-20.39,POINT (534879.0869370422 2106825.0773613458)
0.0,Cretaceous_limestone,539131.67,2106825.08,-1000.0,POINT (539131.6684283672 2106825.0773620624)
0.0,Paleogene_Volcanic,539131.67,2106825.08,-35.42,POINT (539131.6684283188 2106825.0773620624)
0.0,Neogene_Volcanic,539131.67,2106825.08,1135.28,POINT (539131.6684283263 2106825.0773620624)
0.0,Quaternary_Pyro2,529860.88,2108035.08,2799.85,POINT (529860.8770206773 2108035.0773604997)
0.0,Quaternary_Pyro2,529860.88,2108089.25,2530.45,POINT (529860.8770194293 2108089.24734116)
0.0,Quaternary_Pyro2,529860.88,2108398.81,2466.95,POINT (529860.8770122977 2108398.810460286)
,Quaternary_Pyro2,531822.4972000001,2108765.978700001,3000.0,POINT (531822.4972000001 2108765.978700001)
0.0,Quaternary_Pyro2,529860.88,2108914.75,2443.14,POINT (529860.8770004119 2108914.748992163)
0.0,Quaternary_Pyro2,529860.88,2109438.63,2427.27,POINT (529860.8769883431 2109438.6250399156)
,Quaternary_Pyro2,526920.5928523071,2104584.5583932013,2549.0,POINT (526920.5928523071 2104584.5583932013)
0.0,Quaternary_Pyro2,525700.74,2106825.08,1922.72,POINT (525700.7362508981 2106825.0773597993)
0.0,Quaternary_Pyro2,526620.12,2106825.08,2037.56,POINT (526620.1246323979 2106825.077359954)
0.0,Quaternary_Pyro2,527482.54,2106825.08,2131.41,POINT (527482.5372433609 2106825.077360099)
0.0,Quaternary_Pyro2,528555.79,2106825.08,2157.27,POINT (528555.7894220112 2106825.0773602803)
0.0,Quaternary_Pyro2,529199.85,2106825.08,2732.56,POINT (529199.8543499357 2106825.077360389)
,Quaternary_Pyro2,529360.6368000004,2106982.5956,2737.0,POINT (529360.6368000004 2106982.5956)
,Quaternary_Pyro2,529630.5115,2107949.2146000005,2784.0,POINT (529630.5115 2107949.2146000005)
,Quaternary_alluvial,526116.8573000003,2111407.034499999,2531.0,POINT (526116.8573000003 2111407.034499999)
0.0,Quaternary_Pyro2,525281.56,2111825.08,1876.15,POINT (525281.5641227156 2111825.0773597285)
0.0,Quaternary_Pyro2,529860.88,2110137.13,2466.95,POINT (529860.8769722515 2110137.126436918)
0.0,Quaternary_Pyro2,529860.88,2110724.5,2451.08,POINT (529860.8769587198 2110724.5026116706)
0.0,Quaternary_Pyro2,529860.88,2110897.06,2453.77,POINT (529860.8769547446 2110897.0575016337)
0.0,Neogene_Volcanic,529860.88,2110938.01,1071.95,POINT (529860.8769538011 2110938.009960418)
,Quaternary_Pyro2,530916.1484000003,2110962.1270000003,2800.0,POINT (530916.1484000003 2110962.1270000003)
0.0,Paleogene_Volcanic,529860.88,2110969.86,-2.66,POINT (529860.8769530674 2110969.857426978)
,F13,529860.88,2110989.24,2719.0,POINT (529860.8769526208 2110989.241075286)
0.0,Cretaceous_limestone,529860.88,2111016.81,-1586.84,POINT (529860.8769519858 2111016.806916685)
0.0,Quaternary_Pyro2,529860.88,2111097.05,2456.9,POINT (529860.8769501372 2111097.052702506)
0.0,Neogene_Volcanic,529860.88,2111138.1,1071.95,POINT (529860.8769491916 2111138.097772882)
0.0,Paleogene_Volcanic,529860.88,2111169.95,-2.66,POINT (529860.8769484579 2111169.945239442)
0.0,Cretaceous_limestone,529860.88,2111217.73,-1614.97,POINT (529860.8769473571 2111217.728372128)
0.0,Quaternary_Pyro2,529860.88,2111232.5,2459.02,POINT (529860.8769470167 2111232.503627673)
0.0,Quaternary_Pyro2,529860.88,2111432.21,2476.53,POINT (529860.876942416 2111432.213279635)
0.0,Neogene_Volcanic,529860.88,2111473.99,1071.95,POINT (529860.8769414534 2111473.9891490787)
0.0,Paleogene_Volcanic,529860.88,2111505.95,-2.66,POINT (529860.8769407172 2111505.9505293258)
,F12,529860.88,2111525.28,2711.0,POINT (529860.8769402718 2111525.283921785)
0.0,Cretaceous_limestone,529860.88,2111555.31,-1662.23,POINT (529860.8769395801 2111555.310245745)
0.0,Quaternary_Pyro2,529860.88,2111631.78,2494.04,POINT (529860.8769378184 2111631.7810520045)
0.0,Neogene_Volcanic,529860.88,2111674.08,1071.95,POINT (529860.876936844 2111674.077590711)
0.0,Quaternary_Pyro2,529860.88,2111684.94,2498.7,POINT (529860.8769365937 2111684.9420325495)
0.0,Paleogene_Volcanic,529860.88,2111706.04,-2.66,POINT (529860.8769361076 2111706.038970958)
0.0,Cretaceous_limestone,529860.88,2111756.24,-1690.36,POINT (529860.8769349513 2111756.235327274)
0.0,Paleogene_Volcanic,529860.88,2111825.08,-2.66,POINT (529860.8769333654 2111825.0773604997)
0.0,Neogene_Volcanic,529860.88,2111825.08,1071.95,POINT (529860.8769333654 2111825.0773604997)
0.0,Paleogene_Volcanic,529860.88,2111825.08,-2.66,POINT (529860.8769333654 2111825.0773604997)
0.0,Neogene_Volcanic,529860.88,2111825.08,1071.95,POINT (529860.8769333654 2111825.0773604997)
0.0,Cretaceous_limestone,529860.88,2111825.08,-1700.0,POINT (529860.8769333654 2111825.0773604997)
0.0,Cretaceous_limestone,529860.88,2111825.08,-1700.0,POINT (529860.8769333654 2111825.0773604997)
0.0,Quaternary_Pyro2,530438.65,2111825.08,2779.98,POINT (530438.653517285 2111825.0773605974)
0.0,Paleogene_Volcanic,523614.43,2111825.08,39.04,POINT (523614.43111526093 2111825.0773594477)
0.0,Quaternary_alluvial,523766.16,2111825.08,2293.53,POINT (523766.16005024465 2111825.0773594733)
0.0,Paleogene_Volcanic,523834.6,2111825.08,30.81,POINT (523834.5953612435 2111825.0773594845)
0.0,Quaternary_volcanic,524069.08,2111825.08,1974.28,POINT (524069.07946857216 2111825.077359524)
0.0,Neogene_Volcanic,524120.16,2111825.08,1034.14,POINT (524120.1560633598 2111825.077359533)
0.0,Quaternary_Pyro2,524179.95,2111825.08,1626.14,POINT (524179.9460505933 2111825.0773595427)
0.0,Quaternary_alluvial,524188.54,2111825.08,2288.04,POINT (524188.54216100427 2111825.077359544)
0.0,Paleogene_Volcanic,524194.25,2111825.08,17.37,POINT (524194.2462807015 2111825.0773595455)
0.0,Cretaceous_limestone,524252.98,2111825.08,-1700.0,POINT (524252.9805258624 2111825.0773595553)
0.0,Cretaceous_limestone,524252.98,2111825.08,-1700.0,POINT (524252.9805258624 2111825.0773595553)
0.0,Neogene_Volcanic,524344.56,2111825.08,1034.26,POINT (524344.5599837884 2111825.0773595707)
0.0,Paleogene_Volcanic,524385.14,2111825.08,16.69,POINT (524385.1376686655 2111825.0773595776)
0.0,Paleogene_Volcanic,524385.14,2111825.08,16.69,POINT (524385.1376686655 2111825.0773595776)
0.0,Quaternary_Pyro2,524452.44,2111825.08,1687.98,POINT (524452.4443313085 2111825.077359589)
0.0,Quaternary_alluvial,524581.08,2111825.08,2282.94,POINT (524581.0783467531 2111825.0773596107)
0.0,Quaternary_volcanic,524673.55,2111825.08,2123.05,POINT (524673.5480066941 2111825.077359626)
0.0,Quaternary_Pyro2,524706.04,2111825.08,1745.53,POINT (524706.0386813249 2111825.0773596317)
0.0,Quaternary_alluvial,524752.01,2111825.08,2277.43,POINT (524752.0077996479 2111825.077359639)
0.0,Quaternary_volcanic,524929.97,2111825.08,2186.15,POINT (524929.9655741525 2111825.0773596694)
0.0,Quaternary_alluvial,524972.74,2111825.08,2270.31,POINT (524972.7352318469 2111825.0773596764)
,F12,524974.24,2111825.08,2494.0,POINT (524974.2439026424 2111825.077359677)
0.0,Quaternary_alluvial,525017.73,2111825.08,2268.86,POINT (525017.7336452431 2111825.0773596843)
0.0,Quaternary_alluvial,525017.73,2111825.08,2268.86,POINT (525017.7336452431 2111825.0773596843)
0.0,Quaternary_Pyro2,525039.61,2111825.08,1821.24,POINT (525039.6084676348 2111825.0773596875)
0.0,Quaternary_Pyro2,525039.61,2111825.08,1821.24,POINT (525039.6084676348 2111825.0773596875)
0.0,Quaternary_volcanic,525046.96,2111825.08,2214.95,POINT (525046.9648229529 2111825.077359689)
0.0,Quaternary_volcanic,525046.96,2111825.08,2214.95,POINT (525046.9648229529 2111825.077359689)
0.0,Quaternary_volcanic,525237.25,2111825.08,2261.78,POINT (525237.2463257477 2111825.077359721)
0.0,Quaternary_alluvial,525237.25,2111825.08,2261.78,POINT (525237.2463257477 2111825.077359721)
,Quaternary_alluvial,522462.3344999999,2112663.939,2478.0,POINT (522462.3344999999 2112663.939)
0.0,Neogene_Volcanic,534813.46,2111825.08,1105.78,POINT (534813.4634704158 2111825.0773613346)
0.0,Paleogene_Volcanic,534879.09,2111825.08,-20.39,POINT (534879.0869361997 2111825.0773613458)
0.0,Paleogene_Volcanic,539131.67,2111825.08,-35.42,POINT (539131.6684274763 2111825.0773620624)
0.0,Neogene_Volcanic,539131.67,2111825.08,1135.28,POINT (539131.6684274838 2111825.0773620624)
0.0,Cretaceous_limestone,539131.67,2111825.08,-1700.0,POINT (539131.6684275247 2111825.0773620624)
,Quaternary_Pyro2,531611.1478000004,2111891.4768000003,2882.0,POINT (531611.1478000004 2111891.4768000003)
0.0,Quaternary_Pyro2,529860.88,2112170.08,2800.76,POINT (529860.8769254173 2112170.0773604997)
0.0,Quaternary_Pyro2,529860.88,2113160.08,2719.25,POINT (529860.8769026103 2113160.0773604997)
0.0,Quaternary_Pyro2,529860.88,2113248.63,2522.52,POINT (529860.8769005702 2113248.6326599307)
0.0,Quaternary_Pyro2,529860.88,2113391.51,2411.39,POINT (529860.8768972787 2113391.5079456815)
,Quaternary_volcanic,520672.1201999998,2105538.9235999994,2354.0,POINT (520672.1201999998 2105538.9235999994)
0.0,Quaternary_volcanic,519819.58,2106825.08,1945.41,POINT (519819.5772982187 2106825.077358808)
0.0,Quaternary_volcanic,520295.07,2106825.08,2115.34,POINT (520295.07199014566 2106825.0773588885)
0.0,Quaternary_volcanic,520544.65,2106825.08,2382.78,POINT (520544.65434994764 2106825.0773589304)
0.0,Neogene_Volcanic,520746.49,2106825.08,1009.68,POINT (520746.49434994376 2106825.0773589644)
0.0,Paleogene_Volcanic,520746.49,2106825.08,29.55,POINT (520746.49434994376 2106825.0773589644)
0.0,Quaternary_Pyro2,524179.95,2106825.08,1626.14,POINT (524179.94605143584 2106825.0773595427)
0.0,Neogene_Volcanic,524185.22,2106825.08,1033.17,POINT (524185.21691611625 2106825.0773595436)
0.0,Paleogene_Volcanic,524194.25,2106825.08,17.37,POINT (524194.24628154404 2106825.0773595455)
0.0,Paleogene_Volcanic,502794.85,2106825.08,1515.28,POINT (502794.854349932 2106825.0773559394)
0.0,Neogene_Volcanic,502794.85,2106825.08,1949.64,POINT (502794.854349932 2106825.0773559394)
0.0,Quaternary_volcanic,502794.85,2106825.08,2429.2,POINT (502794.854349932 2106825.0773559394)
0.0,Quaternary_volcanic,502794.85,2106825.08,2429.2,POINT (502794.854349932 2106825.0773559394)
0.0,Paleogene_Volcanic,502794.85,2106825.08,1515.28,POINT (502794.854349932 2106825.0773559394)
0.0,Cretaceous_limestone,502794.85,2106825.08,-1000.0,POINT (502794.854349932 2106825.0773559394)
0.0,Neogene_Volcanic,502794.85,2106825.08,1949.64,POINT (502794.854349932 2106825.0773559394)
0.0,Cretaceous_limestone,502794.85,2106825.08,-1000.0,POINT (502794.854349932 2106825.0773559394)
0.0,Quaternary_volcanic,503030.88,2106825.08,2429.2,POINT (503030.8813470847 2106825.077355979)
0.0,Paleogene_Volcanic,503030.88,2106825.08,1515.28,POINT (503030.8813470847 2106825.077355979)
0.0,Quaternary_volcanic,498294.85,2106825.08,2429.2,POINT (498294.8543499357 2106825.077355181)
0.0,Paleogene_Volcanic,498294.85,2106825.08,1515.28,POINT (498294.8543499357 2106825.077355181)
0.0,Neogene_Volcanic,498294.85,2106825.08,1949.64,POINT (498294.8543499357 2106825.077355181)
0.0,Cretaceous_limestone,498294.85,2106825.08,-1000.0,POINT (498294.8543499357 2106825.077355181)
0.0,Quaternary_volcanic,498294.85,2106825.08,2429.2,POINT (498294.8543499357 2106825.077355181)
0.0,Paleogene_Volcanic,498294.85,2106825.08,1515.28,POINT (498294.8543499357 2106825.077355181)
0.0,Neogene_Volcanic,498294.85,2106825.08,1949.64,POINT (498294.8543499357 2106825.077355181)
0.0,Cretaceous_limestone,498294.85,2106825.08,-1000.0,POINT (498294.8543499357 2106825.077355181)
0.0,Neogene_pyro,498294.85,2111825.08,1895.7,POINT (498294.85434909316 2111825.077355181)
0.0,Cretaceous_limestone,498294.85,2111825.08,-1700.0,POINT (498294.85434909316 2111825.077355181)
0.0,Neogene_Volcanic,503030.88,2106825.08,1949.64,POINT (503030.8813470847 2106825.077355979)
0.0,Quaternary_volcanic,505638.14,2106825.08,2315.47,POINT (505638.141941557 2106825.0773564186)
0.0,Quaternary_Pyro2,500794.85,2111825.08,2276.7,POINT (500794.85434909316 2111825.0773556023)
0.0,Neogene_pyro,501318.86,2111825.08,1895.7,POINT (501318.85860896145 2111825.0773556908)
0.0,Neogene_pyro,501386.64,2111825.08,1903.97,POINT (501386.6385296621 2111825.077355702)
0.0,Quaternary_Pyro2,501399.77,2111825.08,1895.7,POINT (501399.77437389793 2111825.0773557043)
0.0,Quaternary_Pyro2,502423.33,2111825.08,1895.7,POINT (502423.3298305288 2111825.0773558766)
0.0,Quaternary_Pyro2,502794.85,2111825.08,1895.7,POINT (502794.85434908944 2111825.0773559394)
0.0,Quaternary_Pyro2,502794.85,2111825.08,1895.7,POINT (502794.85434909316 2111825.0773559394)
0.0,Cretaceous_limestone,502794.85,2111825.08,-1700.0,POINT (502794.85434908944 2111825.0773559394)
0.0,Quaternary_volcanic,507253.76,2106825.08,2245.0,POINT (507253.7555861085 2106825.0773566905)
0.0,Quaternary_volcanic,510875.67,2106825.08,2087.01,POINT (510875.6718030817 2106825.077357301)
0.0,Quaternary_Pyro2,517573.94,2106825.08,1626.14,POINT (517573.9430120907 2106825.07735843)
0.0,Quaternary_volcanic,517573.94,2106825.08,1626.14,POINT (517573.9430120907 2106825.07735843)
0.0,Quaternary_Pyro2,517938.68,2106825.08,1626.14,POINT (517938.68274341366 2106825.0773584913)
0.0,Quaternary_Pyro2,511113.69,2111825.08,1895.7,POINT (511113.68897823023 2111825.077357341)
0.0,Neogene_Volcanic,511117.07,2111825.08,1228.95,POINT (511117.0735027656 2111825.0773573415)
0.0,Paleogene_Volcanic,511120.74,2111825.08,505.97,POINT (511120.74342866393 2111825.0773573425)
0.0,Quaternary_volcanic,511756.24,2111825.08,2223.41,POINT (511756.2355095573 2111825.0773574496)
0.0,Quaternary_Pyro2,512074.25,2111825.08,1875.88,POINT (512074.2515309319 2111825.077357503)
,Quaternary_volcanic,520538.2971999999,2106889.363500001,2386.0,POINT (520538.2971999999 2106889.363500001)
,Quaternary_volcanic,522698.3128000004,2109485.5056,2481.0,POINT (522698.3128000004 2109485.5056)
,Quaternary_alluvial,522698.3128000004,2109485.5056,2481.0,POINT (522698.3128000004 2109485.5056)
0.0,Quaternary_Pyro2,520639.93,2111825.08,1699.17,POINT (520639.9287637301 2111825.077358946)
0.0,Quaternary_alluvial,522545.04,2111825.08,2486.15,POINT (522545.0443490982 2111825.0773592675)
0.0,Quaternary_volcanic,522710.01,2111825.08,2011.75,POINT (522710.00741710665 2111825.077359295)
0.0,Cretaceous_limestone,522730.63,2111825.08,-1700.0,POINT (522730.63415803283 2111825.0773592987)
0.0,Quaternary_alluvial,522771.32,2111825.08,2304.11,POINT (522771.32472722756 2111825.0773593057)
0.0,Cretaceous_limestone,522954.98,2111825.08,-1700.0,POINT (522954.9801740599 2111825.0773593364)
0.0,Quaternary_alluvial,523442.37,2111825.08,2296.97,POINT (523442.36802260356 2111825.0773594184)
0.0,Paleogene_Volcanic,498294.85,2111825.08,505.97,POINT (498294.85434909316 2111825.077355181)
0.0,Paleogene_Volcanic,498294.85,2111825.08,505.97,POINT (498294.85434909316 2111825.077355181)
0.0,Neogene_pyro,498294.85,2111825.08,1895.7,POINT (498294.85434909316 2111825.077355181)
0.0,Quaternary_volcanic,498294.85,2111825.08,2276.7,POINT (498294.85434909316 2111825.077355181)
0.0,Cretaceous_limestone,498294.85,2111825.08,-1700.0,POINT (498294.85434909316 2111825.077355181)
0.0,Quaternary_volcanic,498294.85,2111825.08,2276.7,POINT (498294.85434909316 2111825.077355181)
0.0,Neogene_pyro,500002.39,2111825.08,1895.7,POINT (500002.3874886461 2111825.0773554686)
0.0,Neogene_Volcanic,498294.85,2116825.08,-579.22,POINT (498294.8543482506 2116825.077355181)
0.0,Quaternary_volcanic,498294.85,2116825.08,1439.89,POINT (498294.8543482506 2116825.077355181)
0.0,Cretaceous_limestone,498294.85,2116825.08,-1800.0,POINT (498294.8543482506 2116825.077355181)
0.0,Paleogene_Volcanic,502794.85,2111825.08,505.97,POINT (502794.85434908944 2111825.0773559394)
0.0,Cretaceous_limestone,502794.85,2111825.08,-1700.0,POINT (502794.85434908944 2111825.0773559394)
0.0,Quaternary_volcanic,502794.85,2111825.08,2276.7,POINT (502794.85434908944 2111825.0773559394)
0.0,Quaternary_volcanic,502794.85,2111825.08,2276.7,POINT (502794.85434908944 2111825.0773559394)
0.0,Paleogene_Volcanic,502794.85,2111825.08,505.97,POINT (502794.85434908944 2111825.0773559394)
0.0,Quaternary_volcanic,503679.33,2111825.08,2276.7,POINT (503679.3322959222 2111825.0773560884)
0.0,Neogene_Volcanic,504539.33,2111825.08,1228.95,POINT (504539.3294430837 2111825.0773562333)
0.0,Quaternary_volcanic,504746.49,2111825.08,2276.7,POINT (504746.487208014 2111825.077356268)
0.0,Quaternary_volcanic,506021.72,2111825.08,2276.7,POINT (506021.7171665445 2111825.077356483)
0.0,Quaternary_volcanic,500781.26,2116825.08,1439.89,POINT (500781.2577034318 2116825.0773556)
0.0,Quaternary_volcanic,512362.17,2111825.08,2211.7,POINT (512362.1677153051 2111825.0773575515)
0.0,Quaternary_volcanic,514456.07,2111825.08,2171.24,POINT (514456.0747293584 2111825.0773579045)
0.0,Paleogene_Volcanic,506316.84,2116825.08,-968.61,POINT (506316.8375841835 2116825.0773565327)
0.0,Quaternary_Pyro2,509909.4,2116825.08,1145.87,POINT (509909.40095972357 2116825.077357138)
0.0,Paleogene_Volcanic,515308.13,2116825.08,48.77,POINT (515308.1328944796 2116825.077358048)
0.0,Neogene_Volcanic,515316.61,2116825.08,972.58,POINT (515316.6082082623 2116825.0773580493)
0.0,Quaternary_volcanic,517976.7,2116825.08,1777.08,POINT (517976.69751409156 2116825.077358498)
0.0,Quaternary_volcanic,519203.93,2116825.08,1827.08,POINT (519203.9258565837 2116825.0773587045)
,Quaternary_alluvial,513774.9434000002,2120222.454399999,2321.0,POINT (513774.9434000002 2120222.454399999)
,Quaternary_alluvial,513632.47559999954,2121477.3025,2294.0,POINT (513632.47559999954 2121477.3025)
0.0,Quaternary_Pyro2,500794.85,2116825.08,1439.89,POINT (500794.8543482506 2116825.0773556023)
0.0,Neogene_pyro,501657.15,2116825.08,884.26,POINT (501657.1492356508 2116825.0773557476)
0.0,Neogene_pyro,501772.28,2116825.08,899.99,POINT (501772.2844315775 2116825.077355767)
0.0,Quaternary_Pyro2,501800.77,2116825.08,884.26,POINT (501800.771960047 2116825.077355772)
0.0,Paleogene_Volcanic,502794.85,2116825.08,-1300.0,POINT (502794.8543482469 2116825.0773559394)
0.0,Paleogene_Volcanic,502794.85,2116825.08,-1300.0,POINT (502794.8543482469 2116825.0773559394)
0.0,Cretaceous_limestone,502794.85,2116825.08,-1800.0,POINT (502794.8543482469 2116825.0773559394)
0.0,Quaternary_Pyro2,502794.85,2116825.08,884.26,POINT (502794.8543482506 2116825.0773559394)
0.0,Neogene_Volcanic,502794.85,2116825.08,-579.22,POINT (502794.8543482469 2116825.0773559394)
0.0,Quaternary_Pyro2,502794.85,2116825.08,884.26,POINT (502794.8543482469 2116825.0773559394)
0.0,Quaternary_alluvial,525660.58,2111825.08,2325.28,POINT (525660.5805057414 2111825.0773597923)
0.0,Quaternary_alluvial,525842.38,2111825.08,2510.86,POINT (525842.3843491018 2111825.077359823)
0.0,Quaternary_Pyro2,526323.36,2111825.08,1991.9,POINT (526323.3630813115 2111825.077359904)
0.0,Quaternary_Pyro2,527183.26,2111825.08,2124.19,POINT (527183.260634435 2111825.077360049)
0.0,Quaternary_Pyro2,528555.79,2111825.08,2157.27,POINT (528555.7894211687 2111825.0773602803)
0.0,Quaternary_Pyro2,529829.1,2111825.08,2471.46,POINT (529829.0992594563 2111825.077360495)
,Quaternary_Pyro2,529365.9276,2112248.702299999,2677.0,POINT (529365.9276 2112248.702299999)
,Quaternary_alluvial,525499.7070000004,2112545.478700001,2496.0,POINT (525499.7070000004 2112545.478700001)
,Quaternary_alluvial,526095.8739,2113424.042199999,2500.0,POINT (526095.8739 2113424.042199999)
,Quaternary_alluvial,525494.1127000004,2114068.0796000008,2488.0,POINT (525494.1127000004 2114068.0796000008)
0.0,Quaternary_Pyro2,529860.88,2113566.13,2403.45,POINT (529860.8768932559 2113566.133294932)
0.0,Quaternary_Pyro2,529860.88,2113740.76,2419.33,POINT (529860.8768892329 2113740.7586441827)
0.0,Quaternary_Pyro2,529860.88,2113915.38,2451.08,POINT (529860.8768852099 2113915.3839934333)
,Quaternary_Pyro2,530330.5942000002,2114043.8381,2789.0,POINT (530330.5942000002 2114043.8381)
0.0,Quaternary_Pyro2,529860.88,2114050.32,2570.14,POINT (529860.8768821013 2114050.3217633087)
0.0,Quaternary_Pyro2,529860.88,2114065.68,2753.68,POINT (529860.8768817476 2114065.677360501)
0.0,Cretaceous_limestone,529860.88,2116825.08,-1800.0,POINT (529860.876818178 2116825.0773604997)
0.0,Paleogene_Volcanic,529860.88,2116825.08,-2.66,POINT (529860.876818178 2116825.0773604997)
0.0,Neogene_Volcanic,529860.88,2116825.08,1071.95,POINT (529860.876818178 2116825.0773604997)
0.0,Neogene_Volcanic,529860.88,2116825.08,1071.95,POINT (529860.876818178 2116825.0773604997)
,Quaternary_Pyro2,528186.5275999997,2114143.5188,2589.0,POINT (528186.5275999997 2114143.5188)
,Quaternary_Pyro2,527282.3296999997,2114828.395,2548.0,POINT (527282.3296999997 2114828.395)
,Quaternary_alluvial,527282.3296999997,2114828.395,2548.0,POINT (527282.3296999997 2114828.395)
,Quaternary_alluvial,526665.2536000004,2114938.9737,2530.0,POINT (526665.2536000004 2114938.9737)
,Quaternary_alluvial,527833.3399999999,2115480.067500001,2581.0,POINT (527833.3399999999 2115480.067500001)
,Quaternary_alluvial,526063.9775,2116139.065199999,2497.0,POINT (526063.9775 2116139.065199999)
0.0,Quaternary_alluvial,525837.0,2116825.08,2252.65,POINT (525837.0046046237 2116825.077359822)
0.0,Quaternary_Pyro2,525996.92,2116825.08,2251.76,POINT (525996.9235448405 2116825.077359849)
0.0,Quaternary_Pyro2,525999.54,2116825.08,2253.36,POINT (525999.5364733062 2116825.0773598496)
0.0,Quaternary_alluvial,526003.64,2116825.08,2253.38,POINT (526003.639206876 2116825.07735985)
,Quaternary_alluvial,521243.79569999967,2115301.8011000007,2448.0,POINT (521243.79569999967 2115301.8011000007)
0.0,Quaternary_volcanic,521551.75,2116825.08,1922.75,POINT (521551.7536406153 2116825.0773591)
0.0,Quaternary_alluvial,521745.69,2116825.08,2468.82,POINT (521745.69364115683 2116825.0773591325)
0.0,Quaternary_Pyro2,521902.79,2116825.08,1627.01,POINT (521902.7880550669 2116825.077359159)
0.0,Quaternary_alluvial,522198.2,2116825.08,2236.62,POINT (522198.2035960042 2116825.077359209)
0.0,Quaternary_volcanic,522294.91,2116825.08,1953.03,POINT (522294.906592437 2116825.077359225)
0.0,Quaternary_volcanic,523650.9,2116825.08,2052.25,POINT (523650.8988877469 2116825.077359454)
0.0,Quaternary_alluvial,524510.23,2116825.08,2246.8,POINT (524510.2307501519 2116825.0773595986)
0.0,Quaternary_volcanic,524510.23,2116825.08,2246.8,POINT (524510.2307501519 2116825.0773595986)
0.0,Quaternary_Pyro2,524804.55,2116825.08,1963.35,POINT (524804.5486697974 2116825.077359648)
0.0,Paleogene_Volcanic,529860.88,2116825.08,-2.66,POINT (529860.876818178 2116825.0773604997)
0.0,Cretaceous_limestone,529860.88,2116825.08,-1800.0,POINT (529860.876818178 2116825.0773604997)
0.0,Neogene_Volcanic,534813.46,2116825.08,1105.78,POINT (534813.4634695733 2116825.0773613346)
0.0,Paleogene_Volcanic,534879.09,2116825.08,-20.39,POINT (534879.0869353572 2116825.0773613458)
0.0,Paleogene_Volcanic,538058.93,2116825.08,-31.63,POINT (538058.9282794567 2116825.0773618817)
0.0,Paleogene_Volcanic,539131.67,2116825.08,-35.42,POINT (539131.6684266338 2116825.0773620624)
0.0,Neogene_Volcanic,539131.67,2116825.08,1135.28,POINT (539131.6684266413 2116825.0773620624)
0.0,Cretaceous_limestone,539131.67,2116825.08,-1800.0,POINT (539131.6684266822 2116825.0773620624)
0.0,Cretaceous_limestone,529860.88,2119727.46,-1625.78,POINT (529860.8767513145 2119727.4610533663)
0.0,Paleogene_Volcanic,529860.88,2119750.14,-2.66,POINT (529860.876750792 2119750.1412671953)
0.0,Quaternary_alluvial,526441.9,2116825.08,2499.94,POINT (526441.9043482514 2116825.077359924)
,Quaternary_alluvial,527129.2936000004,2117329.8928999994,2571.0,POINT (527129.2936000004 2117329.8928999994)
,Quaternary_alluvial,525647.5676999995,2117613.9846,2497.0,POINT (525647.5676999995 2117613.9846)
,Quaternary_alluvial,525996.3413000004,2118622.1943,2558.0,POINT (525996.3413000004 2118622.1943)
0.0,Neogene_Volcanic,529860.88,2119765.16,1071.95,POINT (529860.876750446 2119765.1570063327)
,F11,529860.88,2119892.11,3000.0,POINT (529860.8767475215 2119892.107960924)
0.0,Cretaceous_limestone,529860.88,2119927.65,-1613.76,POINT (529860.8767467027 2119927.648491854)
0.0,Paleogene_Volcanic,529860.88,2119950.16,-2.66,POINT (529860.8767461841 2119950.1607914264)
0.0,Neogene_Volcanic,529860.88,2119965.18,1071.95,POINT (529860.8767458381 2119965.176530564)
0.0,Cretaceous_limestone,529860.88,2121692.64,-1507.81,POINT (529860.8767060419 2121692.6353847324)
0.0,Neogene_Volcanic,533114.18,2121825.08,1094.17,POINT (533114.1758413091 2121825.077361048)
0.0,Neogene_Volcanic,533114.18,2121825.08,1094.17,POINT (533114.1758413091 2121825.077361048)
,XoF,533254.09,2121825.08,3700.0,POINT (533254.0922781219 2121825.077361072)
0.0,Paleogene_Volcanic,533262.5,2121825.08,-14.68,POINT (533262.5049693962 2121825.0773610733)
0.0,Paleogene_Volcanic,533262.5,2121825.08,-14.68,POINT (533262.5049693962 2121825.0773610733)
0.0,Cretaceous_limestone,533344.74,2121825.08,-1499.86,POINT (533344.74349937 2121825.0773610873)
0.0,Cretaceous_limestone,533344.74,2121825.08,-1499.86,POINT (533344.74349937 2121825.0773610873)
0.0,Neogene_Volcanic,534813.46,2121825.08,1105.78,POINT (534813.4634687307 2121825.0773613346)
0.0,Paleogene_Volcanic,534879.09,2121825.08,-20.39,POINT (534879.0869345034 2121825.0773613458)
0.0,Neogene_Volcanic,535179.36,2121825.08,1108.28,POINT (535179.3563420477 2121825.0773613965)
0.0,Paleogene_Volcanic,529860.88,2121753.55,-2.66,POINT (529860.8767046386 2121753.546719163)
,Quaternary_alluvial,525570.3499999996,2121761.7606000006,2497.0,POINT (525570.3499999996 2121761.7606000006)
0.0,Neogene_Volcanic,529860.88,2121797.03,1071.95,POINT (529860.8767036368 2121797.034500922)
0.0,Quaternary_Pyro2,525336.93,2121825.08,1995.28,POINT (525336.9320191408 2121825.077359738)
0.0,Quaternary_alluvial,525400.32,2121825.08,2348.36,POINT (525400.3210209312 2121825.0773597485)
0.0,Quaternary_Pyro2,525642.54,2121825.08,2499.73,POINT (525642.5443474131 2121825.0773597895)
0.0,Quaternary_alluvial,525642.54,2121825.08,2499.73,POINT (525642.5443474131 2121825.0773597895)
0.0,Cretaceous_limestone,529860.88,2121893.4,-1493.03,POINT (529860.8767014168 2121893.3972261674)
0.0,Paleogene_Volcanic,529860.88,2121953.71,-2.66,POINT (529860.8767000274 2121953.7104228726)
,XoF,529860.88,2121983.24,3200.0,POINT (529860.8766993472 2121983.23571432)
0.0,Quaternary_Pyro2,522674.64,2121825.08,1655.39,POINT (522674.6409378464 2121825.0773592894)
0.0,Quaternary_volcanic,522746.79,2121825.08,2239.18,POINT (522746.79358886206 2121825.0773593015)
0.0,Quaternary_volcanic,523044.64,2121825.08,2488.32,POINT (523044.64434740716 2121825.077359352)
0.0,Quaternary_alluvial,523044.64,2121825.08,2488.32,POINT (523044.64434740716 2121825.077359352)
0.0,Quaternary_alluvial,523177.82,2121825.08,2348.36,POINT (523177.8165759074 2121825.077359374)
0.0,Quaternary_alluvial,523887.84,2121825.08,2348.36,POINT (523887.8430856096 2121825.077359494)
0.0,Quaternary_Pyro2,524045.76,2121825.08,1910.61,POINT (524045.76277013146 2121825.0773595204)
0.0,Quaternary_alluvial,524431.1,2121825.08,2348.36,POINT (524431.1005413535 2121825.077359585)
0.0,Quaternary_Pyro2,524786.6,2121825.08,1995.28,POINT (524786.5975851419 2121825.077359645)
,Quaternary_alluvial,523300.8010999998,2122256.5210999995,2485.0,POINT (523300.8010999998 2122256.5210999995)
0.0,Neogene_Volcanic,535433.12,2121825.08,1110.02,POINT (535433.1208288339 2121825.0773614394)
0.0,Paleogene_Volcanic,536076.7,2121825.08,-24.63,POINT (536076.704291413 2121825.0773615474)
0.0,Paleogene_Volcanic,536332.56,2121825.08,-25.53,POINT (536332.5582086716 2121825.0773615907)
0.0,Cretaceous_limestone,537245.2,2121825.08,-1499.86,POINT (537245.1991927783 2121825.0773617444)
0.0,Cretaceous_limestone,537500.34,2121825.08,-1499.86,POINT (537500.3369341423 2121825.0773617877)
0.0,Cretaceous_limestone,539131.67,2121825.08,-1499.86,POINT (539131.6684257837 2121825.0773620624)
0.0,Neogene_Volcanic,539131.67,2121825.08,1135.28,POINT (539131.6684257986 2121825.0773620624)
0.0,Paleogene_Volcanic,539131.67,2121825.08,-35.42,POINT (539131.6684257837 2121825.0773620624)
0.0,Paleogene_Volcanic,531847.27,2126825.08,-9.68,POINT (531847.2717578146 2126825.077360835)
0.0,Neogene_Volcanic,534813.46,2126825.08,1105.78,POINT (534813.4634678881 2126825.0773613346)
0.0,Cretaceous_limestone,502794.85,2116825.08,-1800.0,POINT (502794.8543482469 2116825.0773559394)
0.0,Quaternary_volcanic,502794.85,2116825.08,1439.89,POINT (502794.8543482469 2116825.0773559394)
0.0,Quaternary_volcanic,502794.85,2116825.08,1439.89,POINT (502794.8543482469 2116825.0773559394)
0.0,Neogene_Volcanic,502794.85,2116825.08,-579.22,POINT (502794.8543482469 2116825.0773559394)
0.0,Paleogene_Volcanic,503388.1,2116825.08,-1300.0,POINT (503388.1011757971 2116825.077356039)
0.0,Quaternary_volcanic,503388.1,2116825.08,1439.89,POINT (503388.1011757971 2116825.077356039)
0.0,Quaternary_Pyro2,503388.1,2116825.08,884.26,POINT (503388.1011757971 2116825.077356039)
0.0,Neogene_Volcanic,503388.1,2116825.08,-579.22,POINT (503388.1011757971 2116825.077356039)
0.0,Quaternary_Pyro2,504082.63,2116825.08,912.12,POINT (504082.6293618762 2116825.0773561564)
0.0,Quaternary_volcanic,504531.61,2116825.08,1466.32,POINT (504531.60560382245 2116825.077356232)
0.0,Neogene_pyro,498294.85,2116825.08,884.26,POINT (498294.8543482506 2116825.077355181)
0.0,Paleogene_Volcanic,498294.85,2116825.08,-1300.0,POINT (498294.8543482506 2116825.077355181)
0.0,Cretaceous_limestone,498294.85,2116825.08,-1800.0,POINT (498294.8543482506 2116825.077355181)
0.0,Paleogene_Volcanic,498294.85,2116825.08,-1300.0,POINT (498294.8543482506 2116825.077355181)
0.0,Neogene_Volcanic,498294.85,2116825.08,-579.22,POINT (498294.8543482506 2116825.077355181)
0.0,Neogene_pyro,498294.85,2116825.08,884.26,POINT (498294.8543482506 2116825.077355181)
0.0,Quaternary_volcanic,498294.85,2116825.08,1439.89,POINT (498294.8543482506 2116825.077355181)
0.0,Paleogene_Volcanic,498276.64,2121825.08,-1236.14,POINT (498276.64071419113 2121825.077355178)
0.0,Neogene_pyro,498294.85,2121825.08,1002.24,POINT (498294.85434740805 2121825.077355181)
0.0,Paleogene_Volcanic,498294.85,2121825.08,-1236.14,POINT (498294.85434740805 2121825.077355181)
,Quaternary_alluvial,522128.27329999954,2117407.9022000004,2480.0,POINT (522128.27329999954 2117407.9022000004)
,Quaternary_alluvial,523216.7174000004,2118142.7924000006,2479.0,POINT (523216.7174000004 2118142.7924000006)
,Quaternary_alluvial,521897.6217999999,2118259.1822,2493.0,POINT (521897.6217999999 2118259.1822)
,Quaternary_alluvial,523399.4637000002,2119406.9607,2500.0,POINT (523399.4637000002 2119406.9607)
,Quaternary_alluvial,523444.6365999999,2120656.7057000007,2485.0,POINT (523444.6365999999 2120656.7057000007)
,Quaternary_alluvial,522668.6074000001,2121518.2349,2513.0,POINT (522668.6074000001 2121518.2349)
0.0,Quaternary_Pyro2,520405.09,2121825.08,1571.95,POINT (520405.0888221229 2121825.0773589066)
0.0,Quaternary_volcanic,520936.28,2121825.08,2138.6,POINT (520936.2779678295 2121825.0773589965)
0.0,Quaternary_volcanic,521841.54,2121825.08,2138.6,POINT (521841.5357783439 2121825.0773591488)
0.0,Quaternary_Pyro2,521902.79,2121825.08,1627.01,POINT (521902.78805422434 2121825.077359159)
0.0,Paleogene_Volcanic,500056.47,2121825.08,-1236.14,POINT (500056.473124888 2121825.077355478)
0.0,Quaternary_volcanic,501637.2,2121825.08,1515.92,POINT (501637.20078688883 2121825.0773557443)
0.0,Neogene_Volcanic,502376.48,2121825.08,-458.26,POINT (502376.4757248985 2121825.0773558686)
0.0,Neogene_pyro,502376.48,2121825.08,1002.24,POINT (502376.47572489106 2121825.0773558686)
0.0,Quaternary_volcanic,502376.48,2121825.08,1515.92,POINT (502376.47572489106 2121825.0773558686)
0.0,Paleogene_Volcanic,502376.48,2121825.08,-1236.14,POINT (502376.4757248985 2121825.0773558686)
0.0,Quaternary_volcanic,502794.85,2121825.08,1515.92,POINT (502794.8543474043 2121825.0773559394)
0.0,Cretaceous_limestone,502794.85,2121825.08,-1499.86,POINT (502794.8543474043 2121825.0773559394)
0.0,Neogene_Volcanic,502794.85,2121825.08,-412.0,POINT (502794.8543474043 2121825.0773559394)
0.0,Neogene_pyro,502794.85,2121825.08,1002.24,POINT (502794.8543474043 2121825.0773559394)
0.0,Neogene_pyro,502794.85,2121825.08,1002.24,POINT (502794.8543474043 2121825.0773559394)
0.0,Quaternary_volcanic,502794.85,2121825.08,1515.92,POINT (502794.8543474043 2121825.0773559394)
0.0,Paleogene_Volcanic,502794.85,2121825.08,-1194.57,POINT (502794.8543474043 2121825.0773559394)
0.0,Paleogene_Volcanic,502794.85,2121825.08,-1194.57,POINT (502794.8543474043 2121825.0773559394)
0.0,Cretaceous_limestone,502794.85,2121825.08,-1499.86,POINT (502794.8543474043 2121825.0773559394)
0.0,Neogene_Volcanic,502794.85,2121825.08,-412.0,POINT (502794.8543474043 2121825.0773559394)
0.0,Quaternary_Pyro2,503794.85,2121825.08,1515.92,POINT (503794.8543474118 2121825.077356108)
0.0,Neogene_pyro,504928.52,2121825.08,1002.24,POINT (504928.51694799156 2121825.077356299)
0.0,Neogene_pyro,504941.05,2121825.08,1013.89,POINT (504941.05443720415 2121825.077356301)
0.0,Quaternary_Pyro2,504967.65,2121825.08,1002.24,POINT (504967.6535401272 2121825.0773563054)
0.0,Quaternary_volcanic,506214.16,2121825.08,1515.92,POINT (506214.15658922144 2121825.0773565155)
0.0,Quaternary_Pyro2,510844.37,2121825.08,1002.24,POINT (510844.3741829882 2121825.077357296)
0.0,Quaternary_alluvial,512752.95,2121825.08,2295.61,POINT (512752.9543474058 2121825.077357617)
0.0,Quaternary_alluvial,513105.56,2121825.08,1981.8,POINT (513105.5599257166 2121825.077357677)
0.0,Neogene_Volcanic,513199.17,2121825.08,738.45,POINT (513199.1705592538 2121825.0773576926)
0.0,Quaternary_alluvial,513335.06,2121825.08,1987.26,POINT (513335.0575492012 2121825.0773577155)
0.0,Quaternary_Pyro2,513389.65,2121825.08,1002.24,POINT (513389.6477079431 2121825.077357725)
0.0,Quaternary_alluvial,513661.19,2121825.08,1995.03,POINT (513661.186036967 2121825.0773577704)
0.0,Quaternary_alluvial,513852.05,2121825.08,2294.63,POINT (513852.05434739986 2121825.0773578025)
0.0,Quaternary_volcanic,514117.25,2121825.08,1515.92,POINT (514117.2533297839 2121825.0773578472)
0.0,Paleogene_Volcanic,514273.25,2121825.08,-54.06,POINT (514273.2480005699 2121825.0773578733)
0.0,Quaternary_Pyro2,514813.13,2121825.08,1117.84,POINT (514813.1321205052 2121825.0773579646)
0.0,Quaternary_volcanic,515256.32,2121825.08,1580.85,POINT (515256.3249550129 2121825.077358039)
0.0,Paleogene_Volcanic,515308.13,2121825.08,48.77,POINT (515308.13289363706 2121825.077358048)
0.0,Neogene_Volcanic,515316.61,2121825.08,972.58,POINT (515316.60820741975 2121825.0773580493)
0.0,Quaternary_Pyro2,518269.3,2121825.08,1398.51,POINT (518269.30361789116 2121825.0773585467)
0.0,Quaternary_Pyro2,518599.97,2121825.08,1425.36,POINT (518599.96945665055 2121825.0773586025)
0.0,Quaternary_volcanic,519159.29,2121825.08,1803.32,POINT (519159.290413853 2121825.077358697)
,Quaternary_alluvial,514685.4285000004,2122565.8883,2300.0,POINT (514685.4285000004 2122565.8883)
,Quaternary_alluvial,511516.6423000004,2122823.111300001,2291.0,POINT (511516.6423000004 2122823.111300001)
,Quaternary_alluvial,524291.5765000004,2122321.0777000003,2458.0,POINT (524291.5765000004 2122321.0777000003)
,Quaternary_alluvial,522795.54569999967,2123252.0722000003,2436.0,POINT (522795.54569999967 2123252.0722000003)
,Quaternary_alluvial,523254.87480000034,2123596.9441,2433.0,POINT (523254.87480000034 2123596.9441)
,Quaternary_volcanic,521444.9771999996,2123770.2827000003,2383.0,POINT (521444.9771999996 2123770.2827000003)
,Quaternary_alluvial,521444.9771999996,2123770.2827000003,2383.0,POINT (521444.9771999996 2123770.2827000003)
,Quaternary_volcanic,520918.8585000001,2123910.739499999,2360.0,POINT (520918.8585000001 2123910.739499999)
,Quaternary_alluvial,523738.2210999997,2124191.6169000007,2491.0,POINT (523738.2210999997 2124191.6169000007)
,Quaternary_Pyro2,522485.7936000005,2124329.179300001,2434.0,POINT (522485.7936000005 2124329.179300001)
,Quaternary_alluvial,522485.7936000005,2124329.179300001,2434.0,POINT (522485.7936000005 2124329.179300001)
,Quaternary_volcanic,519821.0197999999,2124559.6006000005,2316.0,POINT (519821.0197999999 2124559.6006000005)
0.0,Neogene_Volcanic,506162.99,2121825.08,-39.57,POINT (506162.9865095506 2121825.077356507)
,Quaternary_alluvial,504582.2845999999,2123228.505999999,2294.0,POINT (504582.2845999999 2123228.505999999)
,Quaternary_alluvial,502438.3876999999,2123288.153999999,2296.0,POINT (502438.3876999999 2123288.153999999)
,Quaternary_alluvial,501788.5422,2124161.9662999995,2283.0,POINT (501788.5422 2124161.9662999995)
,Quaternary_alluvial,502824.22559999954,2124379.6417999994,2274.0,POINT (502824.22559999954 2124379.6417999994)
,Quaternary_alluvial,500444.5493999999,2124481.2354000006,2288.0,POINT (500444.5493999999 2124481.2354000006)
,Quaternary_Lac,503606.2991000004,2125338.8621,2255.0,POINT (503606.2991000004 2125338.8621)
,Quaternary_alluvial,500548.4002,2126217.1532000005,2281.0,POINT (500548.4002 2126217.1532000005)
0.0,Quaternary_alluvial,500240.93,2126825.08,2037.11,POINT (500240.927595194 2126825.0773555087)
0.0,Quaternary_volcanic,500864.45,2126825.08,1834.85,POINT (500864.44646104384 2126825.077355614)
,Quaternary_alluvial,512192.9184999997,2122898.0735,2284.0,POINT (512192.9184999997 2122898.0735)
,Quaternary_alluvial,509595.2057999997,2123285.9464,2285.0,POINT (509595.2057999997 2123285.9464)
,Quaternary_alluvial,510822.8400999997,2123693.6822999995,2275.0,POINT (510822.8400999997 2123693.6822999995)
,Quaternary_alluvial,508595.2933999999,2123953.6196,2269.0,POINT (508595.2933999999 2123953.6196)
,Quaternary_alluvial,518986.1952,2124117.104699999,2333.0,POINT (518986.1952 2124117.104699999)
,Quaternary_Lac,509556.6508,2124580.302100001,2250.0,POINT (509556.6508 2124580.302100001)
,Quaternary_Lac,512533.2193,2125016.8654999994,2250.0,POINT (512533.2193 2125016.8654999994)
,Quaternary_alluvial,516867.6815999998,2125179.3947,2299.0,POINT (516867.6815999998 2125179.3947)
,Quaternary_alluvial,519346.4748,2125925.875499999,2294.0,POINT (519346.4748 2125925.875499999)
,Quaternary_alluvial,515149.7271999996,2125942.9132000003,2280.0,POINT (515149.7271999996 2125942.9132000003)
,Quaternary_alluvial,519821.0197999999,2124559.6006000005,2316.0,POINT (519821.0197999999 2124559.6006000005)
,Quaternary_volcanic,521197.5789999999,2124905.7562000006,2369.0,POINT (521197.5789999999 2124905.7562000006)
,Quaternary_Pyro2,523041.67119999975,2125296.3373000007,2455.0,POINT (523041.67119999975 2125296.3373000007)
,Quaternary_Pyro2,524912.0857999995,2125929.4078,2611.0,POINT (524912.0857999995 2125929.4078)
0.0,Quaternary_Pyro2,519844.4,2126825.08,1834.85,POINT (519844.40423582454 2126825.077358812)
0.0,Quaternary_alluvial,519947.14,2126825.08,2298.96,POINT (519947.14154047106 2126825.07735883)
0.0,Quaternary_Pyro2,520736.65,2126825.08,2041.56,POINT (520736.6476973142 2126825.0773589625)
0.0,Quaternary_Pyro2,521356.6,2126825.08,2031.05,POINT (521356.59619270597 2126825.0773590673)
0.0,Quaternary_Pyro2,521725.73,2126825.08,2024.79,POINT (521725.72567547817 2126825.077359129)
0.0,Quaternary_Pyro2,524144.35,2126825.08,2248.79,POINT (524144.35319370736 2126825.0773595367)
,Quaternary_alluvial,518291.7724000001,2125982.0452,2294.0,POINT (518291.7724000001 2125982.0452)
,Quaternary_alluvial,514463.6316,2126338.2338,2292.0,POINT (514463.6316 2126338.2338)
,Quaternary_alluvial,513591.9018000001,2126522.6381,2273.0,POINT (513591.9018000001 2126522.6381)
0.0,Quaternary_Pyro2,506268.51,2126825.08,1834.85,POINT (506268.50655766163 2126825.0773565248)
0.0,Neogene_pyro,506798.33,2126825.08,1570.64,POINT (506798.3279347856 2126825.0773566137)
0.0,Neogene_pyro,506825.65,2126825.08,1588.09,POINT (506825.65351872996 2126825.0773566184)
0.0,Quaternary_Pyro2,506864.15,2126825.08,1571.04,POINT (506864.1504817154 2126825.077356625)
0.0,Quaternary_alluvial,507178.91,2126825.08,2037.11,POINT (507178.90978611965 2126825.077356678)
0.0,Neogene_Volcanic,508759.17,2126825.08,1000.88,POINT (508759.16585473676 2126825.0773569443)
0.0,Quaternary_Pyro2,509136.13,2126825.08,1584.76,POINT (509136.1290434334 2126825.0773570077)
0.0,Neogene_pyro,500873.17,2126825.08,1534.85,POINT (500873.1673912849 2126825.0773556153)
0.0,Neogene_Volcanic,500887.7,2126825.08,1034.85,POINT (500887.7022749964 2126825.077355618)
0.0,Paleogene_Volcanic,500899.04,2126825.08,644.85,POINT (500899.0394843105 2126825.07735562)
0.0,Paleogene_Volcanic,501448.56,2126825.08,622.12,POINT (501448.5611500475 2126825.077355712)
0.0,Quaternary_volcanic,501511.52,2126825.08,1834.85,POINT (501511.5234513502 2126825.077355723)
0.0,Quaternary_Lac,501661.85,2126825.08,2249.62,POINT (501661.8543465655 2126825.0773557485)
0.0,Quaternary_Lac,501850.72,2126825.08,2106.1,POINT (501850.7180554192 2126825.07735578)
0.0,Neogene_pyro,502604.51,2126825.08,1545.31,POINT (502604.51473841775 2126825.0773559073)
0.0,Quaternary_volcanic,502661.09,2126825.08,1834.85,POINT (502661.08533996675 2126825.0773559166)
0.0,Paleogene_Volcanic,502794.85,2126825.08,566.43,POINT (502794.85434656177 2126825.0773559394)
0.0,Neogene_Volcanic,502794.85,2126825.08,1026.62,POINT (502794.85434656177 2126825.0773559394)
0.0,Paleogene_Volcanic,502794.85,2126825.08,566.43,POINT (502794.85434656177 2126825.0773559394)
0.0,Quaternary_volcanic,502794.85,2126825.08,1834.85,POINT (502794.85434656177 2126825.0773559394)
0.0,Cretaceous_limestone,502794.85,2126825.08,-1000.0,POINT (502794.85434656177 2126825.0773559394)
0.0,Quaternary_alluvial,502794.85,2126825.08,2037.11,POINT (502794.85434656177 2126825.0773559394)
0.0,Neogene_pyro,502794.85,2126825.08,1546.46,POINT (502794.85434656177 2126825.0773559394)
0.0,Quaternary_alluvial,502794.85,2126825.08,2037.11,POINT (502794.85434656177 2126825.0773559394)
0.0,Quaternary_volcanic,502794.85,2126825.08,1834.85,POINT (502794.85434656177 2126825.0773559394)
0.0,Neogene_pyro,502794.85,2126825.08,1546.46,POINT (502794.85434656177 2126825.0773559394)
0.0,Neogene_Volcanic,502794.85,2126825.08,1026.62,POINT (502794.85434656177 2126825.0773559394)
0.0,Quaternary_alluvial,509553.51,2126825.08,2037.11,POINT (509553.5100865323 2126825.077357078)
0.0,Quaternary_alluvial,509929.22,2126825.08,2037.11,POINT (509929.2191712815 2126825.0773571413)
0.0,Quaternary_volcanic,510062.17,2126825.08,1834.85,POINT (510062.172562189 2126825.077357164)
0.0,Cretaceous_limestone,511389.96,2126825.08,-1000.0,POINT (511389.9604396557 2126825.0773573876)
0.0,Cretaceous_limestone,511389.96,2126825.08,-1000.0,POINT (511389.9604396557 2126825.0773573876)
0.0,Paleogene_Volcanic,511421.25,2126825.08,209.56,POINT (511421.24730977224 2126825.0773573928)
0.0,Paleogene_Volcanic,511421.25,2126825.08,209.56,POINT (511421.24730977224 2126825.0773573928)
0.0,Neogene_Volcanic,511524.96,2126825.08,988.94,POINT (511524.9591437632 2126825.0773574105)
0.0,Neogene_Volcanic,511524.96,2126825.08,988.94,POINT (511524.9591437632 2126825.0773574105)
0.0,Quaternary_Lac,511556.65,2126825.08,2106.1,POINT (511556.64827303134 2126825.0773574156)
0.0,Quaternary_Pyro2,511556.28,2126825.08,1599.37,POINT (511556.2799622094 2126825.0773574156)
0.0,Quaternary_Pyro2,511556.28,2126825.08,1599.37,POINT (511556.2799622094 2126825.0773574156)
0.0,Quaternary_Lac,511556.65,2126825.08,2106.1,POINT (511556.64827303134 2126825.0773574156)
0.0,Quaternary_alluvial,511556.65,2126825.08,2037.11,POINT (511556.6482730314 2126825.0773574156)
0.0,Quaternary_alluvial,511556.65,2126825.08,2037.11,POINT (511556.6482730314 2126825.0773574156)
0.0,Quaternary_volcanic,511580.46,2126825.08,1834.85,POINT (511580.46082065644 2126825.0773574198)
0.0,Quaternary_volcanic,511580.46,2126825.08,1834.85,POINT (511580.46082065644 2126825.0773574198)
0.0,Paleogene_Volcanic,512179.24,2126825.08,178.21,POINT (512179.2382524643 2126825.077357521)
0.0,Quaternary_Lac,512844.18,2126825.08,2106.1,POINT (512844.1775423806 2126825.0773576326)
0.0,Neogene_Volcanic,512861.56,2126825.08,983.17,POINT (512861.5592022348 2126825.077357636)
0.0,Quaternary_Lac,513064.85,2126825.08,2249.13,POINT (513064.8543465692 2126825.07735767)
0.0,Quaternary_alluvial,513361.64,2126825.08,2037.11,POINT (513361.64133660827 2126825.07735772)
0.0,Quaternary_alluvial,513752.13,2126825.08,2290.04,POINT (513752.13434657786 2126825.077357786)
0.0,Quaternary_alluvial,514651.41,2126825.08,2293.76,POINT (514651.4143465716 2126825.077357937)
0.0,Quaternary_alluvial,514879.14,2126825.08,2084.75,POINT (514879.14337204356 2126825.0773579758)
0.0,Paleogene_Volcanic,515308.13,2126825.08,48.77,POINT (515308.1328927945 2126825.077358048)
0.0,Neogene_Volcanic,515316.61,2126825.08,972.58,POINT (515316.6082065772 2126825.0773580493)
0.0,Quaternary_Pyro2,515322.57,2126825.08,1622.12,POINT (515322.56730025966 2126825.0773580503)
0.0,Quaternary_Pyro2,516329.5,2126825.08,1622.12,POINT (516329.5028051879 2126825.0773582202)
0.0,Quaternary_alluvial,516718.0,2126825.08,2045.07,POINT (516718.00121642236 2126825.0773582854)
0.0,Quaternary_alluvial,517348.6,2126825.08,2048.69,POINT (517348.59937518794 2126825.0773583916)
0.0,Paleogene_Volcanic,517466.78,2126825.08,41.14,POINT (517466.7753302339 2126825.0773584116)
0.0,Quaternary_alluvial,518835.11,2126825.08,2057.23,POINT (518835.1119830679 2126825.077358642)
0.0,Quaternary_Pyro2,518926.13,2126825.08,1622.12,POINT (518926.1320762854 2126825.0773586575)
0.0,Quaternary_volcanic,518939.19,2126825.08,1834.85,POINT (518939.1899206262 2126825.07735866)
0.0,Quaternary_alluvial,519019.88,2126825.08,2058.3,POINT (519019.88082018454 2126825.0773586733)
0.0,Paleogene_Volcanic,519279.56,2126825.08,34.73,POINT (519279.5641276795 2126825.077358717)
0.0,Quaternary_alluvial,519477.85,2126825.08,2177.16,POINT (519477.8501805175 2126825.0773587506)
0.0,Quaternary_volcanic,519587.62,2126825.08,2205.65,POINT (519587.62020879943 2126825.0773587693)
0.0,Quaternary_alluvial,519587.62,2126825.08,2205.65,POINT (519587.62020879943 2126825.0773587693)
0.0,Cretaceous_limestone,502794.85,2126825.08,-1000.0,POINT (502794.85434656177 2126825.0773559394)
0.0,Quaternary_alluvial,505159.07,2126825.08,2037.11,POINT (505159.0704828683 2126825.0773563376)
0.0,Quaternary_alluvial,505420.71,2126825.08,2037.11,POINT (505420.71015426476 2126825.077356382)
0.0,Quaternary_volcanic,505597.32,2126825.08,1834.85,POINT (505597.31988248933 2126825.0773564116)
,Quaternary_Lac,500148.99827919534,2127584.637435901,2249.0,POINT (500148.99827919534 2127584.637435901)
,Quaternary_alluvial,514865.96839999966,2127277.0196,2294.0,POINT (514865.96839999966 2127277.0196)
,Quaternary_Lac,513326.9709000001,2127556.8706,2249.0,POINT (513326.9709000001 2127556.8706)
0.0,Quaternary_volcanic,498294.85,2126825.08,1834.85,POINT (498294.8543465655 2126825.077355181)
0.0,Neogene_pyro,498294.85,2126825.08,1534.85,POINT (498294.8543465655 2126825.077355181)
0.0,Cretaceous_limestone,498294.85,2126825.08,-1000.0,POINT (498294.8543465655 2126825.077355181)
0.0,Quaternary_alluvial,499963.26,2126825.08,2281.51,POINT (499963.2643465768 2126825.077355462)
,Quaternary_alluvial,499414.4956033678,2127584.637435901,2269.0,POINT (499414.4956033678 2127584.637435901)
0.0,Neogene_Volcanic,529860.88,2121997.2,1071.95,POINT (529860.8766990255 2121997.1982046315)
,Quaternary_alluvial,525409.1451000003,2123724.3363000005,2541.0,POINT (525409.1451000003 2123724.3363000005)
0.0,Cretaceous_limestone,529860.88,2125635.69,-1118.91,POINT (529860.8766152038 2125635.6935188193)
0.0,Paleogene_Volcanic,529860.88,2125672.55,-2.66,POINT (529860.8766143548 2125672.5490904152)
0.0,Neogene_Volcanic,529860.88,2125708.03,1071.95,POINT (529860.8766135374 2125708.0298302434)
0.0,Cretaceous_limestone,529860.88,2125836.47,-1098.83,POINT (529860.8766105786 2125836.465216289)
0.0,Paleogene_Volcanic,529860.88,2125872.66,-2.66,POINT (529860.8766097447 2125872.6580759184)
,XiF,529860.88,2125881.65,3300.0,POINT (529860.8766095376 2125881.648990948)
0.0,Neogene_Volcanic,529860.88,2125908.14,1071.95,POINT (529860.8766089274 2125908.138815746)
0.0,Quaternary_Pyro2,525642.54,2126825.08,2815.97,POINT (525642.5443465705 2126825.0773597895)
0.0,Paleogene_Volcanic,534879.09,2126825.08,-20.39,POINT (534879.086933672 2126825.0773613458)
0.0,Cretaceous_limestone,539131.67,2126825.08,-1000.0,POINT (539131.668424997 2126825.0773620624)
0.0,Paleogene_Volcanic,539131.67,2126825.08,-35.42,POINT (539131.6684249486 2126825.0773620624)
0.0,Neogene_Volcanic,539131.67,2126825.08,1135.28,POINT (539131.668424956 2126825.0773620624)
0.0,Paleogene_Volcanic,524462.79,2126825.08,16.42,POINT (524462.7856316748 2126825.0773595907)
0.0,Quaternary_Pyro2,525212.64,2126825.08,2360.07,POINT (525212.6446493189 2126825.077359717)
,Quaternary_alluvial,520159.04750000034,2127281.1468,2325.0,POINT (520159.04750000034 2127281.1468)
,Quaternary_Pyro2,525237.773216152,2127584.637435904,2758.0,POINT (525237.773216152 2127584.637435904)
0.0,Paleogene_Volcanic,529860.88,2126825.08,-2.66,POINT (529860.8765878035 2126825.0773604997)
0.0,Neogene_Volcanic,529860.88,2126825.08,1071.95,POINT (529860.8765878035 2126825.0773604997)
0.0,Paleogene_Volcanic,529860.88,2126825.08,-2.66,POINT (529860.8765878035 2126825.0773604997)
0.0,Cretaceous_limestone,529860.88,2126825.08,-1000.0,POINT (529860.8765878035 2126825.0773604997)
0.0,Neogene_Volcanic,529860.88,2126825.08,1071.95,POINT (529860.8765878035 2126825.0773604997)
0.0,Cretaceous_limestone,529860.88,2126825.08,-1000.0,POINT (529860.8765878035 2126825.0773604997)
0.0,Quaternary_volcanic,492064.06,2105241.62,2429.2,POINT (492064.06261409854 2105241.62142549)
0.0,Neogene_Volcanic,492281.01,2106105.11,1949.64,POINT (492281.0087379689 2106105.1099581225)
0.0,Quaternary_volcanic,477492.32,2106825.08,1937.57,POINT (477492.32410205744 2106825.0773516754)
0.0,Quaternary_volcanic,478137.25,2106825.08,2086.4,POINT (478137.24726688705 2106825.0773517843)
0.0,Quaternary_volcanic,478782.17,2106825.08,2202.16,POINT (478782.1704317353 2106825.077351893)
0.0,Quaternary_volcanic,479410.56,2106825.08,2350.99,POINT (479410.5571051746 2106825.077351999)
0.0,Paleogene_Volcanic,479426.74,2106825.08,1420.06,POINT (479426.74092832423 2106825.0773520013)
0.0,Neogene_Volcanic,479969.58,2106825.08,1949.64,POINT (479969.58223473124 2106825.077352093)
0.0,Quaternary_volcanic,479995.9,2106825.08,2429.2,POINT (479995.89945720724 2106825.0773520973)
0.0,Paleogene_Volcanic,480645.13,2106825.08,1515.28,POINT (480645.1282020829 2106825.0773522067)
0.0,Quaternary_volcanic,481296.43,2106825.08,2429.2,POINT (481296.42659145436 2106825.0773523166)
0.0,Quaternary_volcanic,483966.65,2106825.08,2429.2,POINT (483966.64933866105 2106825.0773527664)
0.0,Quaternary_volcanic,485079.98,2106825.08,2429.2,POINT (485079.9758252188 2106825.077352954)
0.0,Quaternary_volcanic,488462.23,2106825.08,2429.2,POINT (488462.22590245894 2106825.077353524)
0.0,Neogene_Volcanic,488638.52,2106825.08,1949.64,POINT (488638.52134328923 2106825.077353554)
0.0,Paleogene_Volcanic,488712.28,2106825.08,1515.28,POINT (488712.2800378858 2106825.0773535664)
0.0,Quaternary_volcanic,492461.89,2106825.08,2429.2,POINT (492461.89434993855 2106825.077354198)
0.0,Neogene_Volcanic,492461.89,2106825.08,1949.64,POINT (492461.89434993855 2106825.077354198)
0.0,Paleogene_Volcanic,492461.89,2106825.08,1515.28,POINT (492461.89434993855 2106825.077354198)
0.0,Neogene_Volcanic,492633.02,2107506.19,1949.64,POINT (492633.0223594657 2107506.1938773473)
0.0,Quaternary_volcanic,492741.01,2107936.01,2429.2,POINT (492741.01188620593 2107936.013577838)
0.0,Quaternary_volcanic,492767.12,2108039.94,2429.2,POINT (492767.1227867013 2108039.940132285)
0.0,Quaternary_volcanic,480718.54,2111825.08,2276.7,POINT (480718.5391595826 2111825.0773522193)
0.0,Quaternary_volcanic,481256.67,2111825.08,2276.7,POINT (481256.66763647425 2111825.07735231)
0.0,Paleogene_Volcanic,481256.67,2111825.08,505.97,POINT (481256.66763647425 2111825.07735231)
0.0,Neogene_pyro,481256.67,2111825.08,1895.7,POINT (481256.66763647425 2111825.07735231)
0.0,Paleogene_Volcanic,493456.02,2110781.87,1515.28,POINT (493456.01645868423 2110781.8733613654)
0.0,Neogene_Volcanic,493459.88,2110797.27,1949.64,POINT (493459.8847402391 2110797.2698879503)
0.0,Quaternary_volcanic,493465.69,2110820.36,2429.2,POINT (493465.68716257147 2110820.364677828)
0.0,Quaternary_volcanic,493520.78,2111039.64,2429.2,POINT (493520.77886886674 2111039.640578131)
0.0,Neogene_Volcanic,493527.19,2111065.16,1949.64,POINT (493527.1916072989 2111065.1645469405)
0.0,Paleogene_Volcanic,493533.0,2111088.28,1515.28,POINT (493532.99992670637 2111088.282808345)
0.0,F13,493535.81,2111099.47,3130.11,POINT (493535.8098415394 2111099.466825799)
0.0,Cretaceous_limestone,493570.65,2111238.12,-1300.0,POINT (493570.64633925096 2111238.1229850072)
0.0,Quaternary_volcanic,493571.63,2111242.02,2276.7,POINT (493571.6255301127 2111242.0203585364)
0.0,Neogene_pyro,493576.72,2111262.3,1895.7,POINT (493576.72034023266 2111262.298711687)
0.0,Neogene_Volcanic,493585.64,2111297.79,1228.95,POINT (493585.6362579424 2111297.7858297)
0.0,Paleogene_Volcanic,493595.3,2111336.27,505.97,POINT (493595.3040139512 2111336.265413022)
0.0,Cretaceous_limestone,493619.39,2111432.13,-1300.0,POINT (493619.3882110853 2111432.125286764)
0.0,Quaternary_volcanic,493645.44,2111535.82,2276.7,POINT (493645.4413710756 2111535.8220225666)
0.0,Neogene_pyro,493651.89,2111561.48,1895.7,POINT (493651.8885070004 2111561.4829002083)
0.0,Neogene_Volcanic,493668.01,2111625.64,1228.95,POINT (493668.0063468125 2111625.6350943116)
0.0,Paleogene_Volcanic,493690.57,2111715.45,505.97,POINT (493690.57132254937 2111715.4481660565)
0.0,Neogene_pyro,493718.11,2111825.08,1895.7,POINT (493718.114349106 2111825.0773544097)
0.0,Quaternary_volcanic,493718.11,2111825.08,2276.7,POINT (493718.114349106 2111825.0773544097)
0.0,Paleogene_Volcanic,493718.11,2111825.08,505.97,POINT (493718.1143491134 2111825.0773544097)
0.0,Neogene_Volcanic,493718.11,2111825.08,1228.95,POINT (493718.1143491134 2111825.0773544097)
0.0,Quaternary_volcanic,496667.86,2111825.08,2276.7,POINT (496667.8599396512 2111825.0773549066)
0.0,Neogene_pyro,494125.75,2113447.56,1895.7,POINT (494125.75299747527 2113447.5574068506)
0.0,Quaternary_volcanic,494128.98,2113460.39,2276.7,POINT (494128.9765654377 2113460.3878456713)
0.0,Paleogene_Volcanic,494135.29,2113485.53,505.97,POINT (494135.29342077026 2113485.5301807574)
0.0,Neogene_Volcanic,494138.65,2113498.88,1228.95,POINT (494138.6472693249 2113498.879162133)
0.0,Quaternary_volcanic,494182.06,2113671.68,2276.7,POINT (494182.06115243654 2113671.675013726)
0.0,Neogene_pyro,494188.14,2113695.87,1895.7,POINT (494188.13987725903 2113695.8695422276)
0.0,F12,494192.58,2113713.53,3148.22,POINT (494192.57572642586 2113713.5251002973)
0.0,Neogene_Volcanic,494198.78,2113738.21,1228.95,POINT (494198.77764569834 2113738.2099671047)
0.0,Neogene_Volcanic,481256.67,2111825.08,1228.95,POINT (481256.66763647425 2111825.07735231)
0.0,Neogene_pyro,483412.98,2111825.08,1895.7,POINT (483412.9793098286 2111825.0773526733)
0.0,Quaternary_volcanic,488314.95,2111825.08,2276.7,POINT (488314.947400482 2111825.0773534994)
0.0,Neogene_Volcanic,493320.97,2111825.08,1228.95,POINT (493320.97367303225 2111825.0773543427)
0.0,Quaternary_volcanic,478361.26,2116825.08,1598.89,POINT (478361.2611976796 2116825.077351822)
0.0,Quaternary_volcanic,481066.21,2116825.08,1439.89,POINT (481066.2061397479 2116825.077352278)
0.0,Neogene_pyro,481079.44,2116825.08,884.26,POINT (481079.4353328691 2116825.07735228)
0.0,Neogene_Volcanic,481114.28,2116825.08,-579.22,POINT (481114.2800826253 2116825.077352286)
0.0,Paleogene_Volcanic,481131.44,2116825.08,-1300.0,POINT (481131.4415051946 2116825.0773522886)
0.0,Quaternary_volcanic,485739.67,2116825.08,1439.89,POINT (485739.66512025235 2116825.0773530654)
0.0,Paleogene_Volcanic,494210.31,2113784.12,505.97,POINT (494210.3124481827 2113784.120765112)
0.0,Cretaceous_limestone,494239.13,2113898.8,-1300.0,POINT (494239.1260959012 2113898.804788704)
0.0,Quaternary_volcanic,494244.25,2113919.2,1439.89,POINT (494244.2507601079 2113919.2019670317)
0.0,Neogene_pyro,494253.12,2113954.49,884.26,POINT (494253.11556714063 2113954.4856544295)
0.0,Neogene_Volcanic,494276.46,2114047.42,-579.22,POINT (494276.4648356645 2114047.420366772)
0.0,Paleogene_Volcanic,494287.89,2114092.88,-1300.0,POINT (494287.8863112403 2114092.880101242)
0.0,Paleogene_Volcanic,494317.29,2114209.89,-1300.0,POINT (494317.28531742207 2114209.8939674306)
0.0,Quaternary_volcanic,494339.15,2114296.93,1439.89,POINT (494339.1531965871 2114296.9324567807)
0.0,Neogene_Volcanic,494346.89,2114327.73,-579.22,POINT (494346.8897596969 2114327.7255099504)
0.0,Quaternary_volcanic,494974.33,2116825.08,1439.89,POINT (494974.33434826223 2116825.0773546216)
,Neogene_pyro,466925.3940000003,2104673.8105,3170.0,POINT (466925.3940000003 2104673.8105)
,Quaternary_volcanic,468957.1913999999,2104888.399599999,2875.0,POINT (468957.1913999999 2104888.399599999)
0.0,Quaternary_volcanic,467454.2,2106825.08,2429.2,POINT (467454.1975674576 2106825.077349984)
0.0,Quaternary_volcanic,467543.12,2106825.08,2423.81,POINT (467543.1185066833 2106825.077349999)
0.0,Neogene_pyro,467578.67,2106825.08,2421.65,POINT (467578.6715654751 2106825.077350005)
0.0,Neogene_pyro,467598.05,2106825.08,2409.83,POINT (467598.051872805 2106825.0773500083)
0.0,Neogene_pyro,468762.47,2106825.08,2113.64,POINT (468762.46951733745 2106825.0773502043)
0.0,Neogene_pyro,469868.9,2106825.08,1912.48,POINT (469868.8957301996 2106825.077350391)
0.0,Quaternary_volcanic,470381.63,2106825.08,2251.77,POINT (470381.6327973253 2106825.077350477)
0.0,Neogene_pyro,471042.38,2106825.08,1878.95,POINT (471042.378077159 2106825.0773505885)
0.0,Neogene_Volcanic,471486.84,2106825.08,699.12,POINT (471486.83641195885 2106825.0773506635)
0.0,Paleogene_Volcanic,471489.99,2106825.08,-36.1,POINT (471489.9918644375 2106825.077350664)
0.0,Neogene_pyro,471897.34,2106825.08,1845.42,POINT (471897.3437870874 2106825.077350733)
0.0,Neogene_pyro,473381.12,2106825.08,1592.27,POINT (473381.11795765377 2106825.077350983)
0.0,Quaternary_volcanic,473606.25,2106825.08,2119.48,POINT (473606.2486215628 2106825.0773510206)
0.0,Quaternary_volcanic,474532.29,2106825.08,1887.96,POINT (474532.2921403184 2106825.0773511766)
0.0,Neogene_pyro,475121.1,2106825.08,1594.75,POINT (475121.10214246175 2106825.077351276)
0.0,Neogene_pyro,475123.92,2106825.08,1596.59,POINT (475123.9230340738 2106825.0773512763)
0.0,Quaternary_volcanic,475127.65,2106825.08,1594.75,POINT (475127.646605423 2106825.077351277)
0.0,Quaternary_volcanic,475640.24,2106825.08,1722.6,POINT (475640.23706454627 2106825.0773513634)
,Quaternary_volcanic,466924.4880999997,2106286.8216999997,2860.0,POINT (466924.4880999997 2106286.8216999997)
0.0,Cretaceous_limestone,460794.85,2106825.08,-1000.0,POINT (460794.8543499357 2106825.077348862)
0.0,Paleogene_Volcanic,460794.85,2106825.08,-36.1,POINT (460794.8543499357 2106825.077348862)
0.0,Neogene_Volcanic,460794.85,2106825.08,699.12,POINT (460794.8543499357 2106825.077348862)
0.0,Quaternary_volcanic,466690.09,2106825.08,2898.47,POINT (466690.09434994153 2106825.077349855)
,Quaternary_volcanic,466562.4277999997,2108884.433700001,3000.0,POINT (466562.4277999997 2108884.433700001)
0.0,Neogene_Volcanic,457999.44,2110699.64,699.12,POINT (457999.4419835239 2110699.636836839)
0.0,Neogene_Volcanic,457999.44,2110699.64,699.12,POINT (457999.4419835239 2110699.636836839)
0.0,Paleogene_Volcanic,457999.44,2110712.87,-36.1,POINT (457999.441983523 2110712.866029964)
0.0,Paleogene_Volcanic,457999.44,2110712.87,-36.1,POINT (457999.441983523 2110712.866029964)
0.0,Quaternary_volcanic,476913.55,2106825.08,1805.28,POINT (476913.54690282635 2106825.077351578)
,Quaternary_volcanic,467388.4622,2111312.9921000004,3365.0,POINT (467388.4622 2111312.9921000004)
0.0,Quaternary_volcanic,467689.29,2111825.08,3385.18,POINT (467689.2943491057 2111825.0773500237)
0.0,Quaternary_volcanic,468330.51,2111825.08,2832.39,POINT (468330.50737477245 2111825.0773501317)
0.0,Quaternary_volcanic,468859.68,2111825.08,2567.8,POINT (468859.67509976553 2111825.0773502206)
0.0,Quaternary_volcanic,469146.34,2111825.08,2505.96,POINT (469146.3361450449 2111825.077350269)
0.0,Neogene_pyro,469472.1,2111825.08,2435.68,POINT (469472.10308714735 2111825.077350324)
0.0,Quaternary_volcanic,470209.05,2111825.08,2276.7,POINT (470209.05279853346 2111825.0773504484)
0.0,Neogene_pyro,470221.18,2111825.08,1984.65,POINT (470221.18132278475 2111825.07735045)
0.0,Neogene_pyro,470824.69,2111825.08,1917.59,POINT (470824.68652979063 2111825.077350552)
0.0,Neogene_Volcanic,457999.44,2111169.46,699.12,POINT (457999.4419834926 2111169.4636501684)
0.0,Paleogene_Volcanic,457999.44,2111190.61,-36.1,POINT (457999.4419834912 2111190.612089951)
,F13,457999.44,2111207.29,2862.0,POINT (457999.4419834901 2111207.2903265418)
0.0,Cretaceous_limestone,457999.44,2111240.97,-1786.69,POINT (457999.4419834878 2111240.9673895747)
0.0,Neogene_Volcanic,457999.44,2111369.55,699.12,POINT (457999.44198347925 2111369.5463742074)
0.0,Paleogene_Volcanic,457999.44,2111390.69,-36.1,POINT (457999.44198347785 2111390.69481399)
0.0,Cretaceous_limestone,457999.44,2111441.06,-1786.86,POINT (457999.4419834745 2111441.055023971)
0.0,Neogene_Volcanic,460794.85,2111825.08,699.12,POINT (460794.85434909316 2111825.077348862)
0.0,Paleogene_Volcanic,460794.85,2111825.08,-36.1,POINT (460794.85434909316 2111825.077348862)
0.0,Cretaceous_limestone,461012.29,2111825.08,-1700.0,POINT (461012.2864967972 2111825.0773488986)
0.0,Neogene_Volcanic,471486.84,2111825.08,699.12,POINT (471486.8364111163 2111825.0773506635)
0.0,Paleogene_Volcanic,471489.99,2111825.08,-36.1,POINT (471489.991863595 2111825.077350664)
0.0,Neogene_pyro,471813.76,2111825.08,1833.77,POINT (471813.7645079546 2111825.0773507184)
0.0,Neogene_pyro,473381.12,2111825.08,1592.27,POINT (473381.1179568112 2111825.077350983)
0.0,Quaternary_volcanic,476186.66,2111825.08,2276.7,POINT (476186.6648572028 2111825.0773514556)
,Quaternary_volcanic,468437.60840000026,2112439.349199999,3200.0,POINT (468437.60840000026 2112439.349199999)
,Quaternary_volcanic,468837.9276999999,2115199.5292000007,3168.0,POINT (468837.9276999999 2115199.5292000007)
,Quaternary_volcanic,467847.5887000002,2115417.6415,3380.0,POINT (467847.5887000002 2115417.6415)
0.0,Quaternary_volcanic,468042.49,2116825.08,2763.05,POINT (468042.4905601339 2116825.0773500833)
0.0,Quaternary_volcanic,469127.28,2116825.08,2339.72,POINT (469127.28439638106 2116825.077350266)
,Quaternary_volcanic,466943.4184999997,2114814.9202999994,3467.0,POINT (466943.4184999997 2114814.9202999994)
,Quaternary_volcanic,458409.1120999996,2115542.0887,2875.0,POINT (458409.1120999996 2115542.0887)
,Quaternary_volcanic,463028.6279999996,2115810.3419000003,3573.0,POINT (463028.6279999996 2115810.3419000003)
,Quaternary_volcanic,463867.7237999998,2115825.1659999997,3600.0,POINT (463867.7237999998 2115825.1659999997)
,Quaternary_volcanic,466200.0807999997,2115834.1493,3500.0,POINT (466200.0807999997 2115834.1493)
0.0,Neogene_Volcanic,457999.44,2115896.11,699.12,POINT (457999.4419831776 2115896.106357294)
0.0,Paleogene_Volcanic,457999.44,2115917.33,-36.1,POINT (457999.44198317616 2115917.3337550736)
,F12,457999.44,2115933.96,2853.0,POINT (457999.44198317506 2115933.9609130197)
0.0,Cretaceous_limestone,457999.44,2115967.99,-1790.72,POINT (457999.4419831728 2115967.9934961307)
0.0,Neogene_Volcanic,457999.44,2116096.19,699.12,POINT (457999.4419831643 2116096.18970006)
0.0,Paleogene_Volcanic,457999.44,2116117.42,-36.1,POINT (457999.44198316283 2116117.4170978395)
0.0,Cretaceous_limestone,457999.44,2116168.08,-1790.89,POINT (457999.44198315946 2116168.0817676024)
,Quaternary_volcanic,464075.2374,2116471.2858000007,3592.0,POINT (464075.2374 2116471.2858000007)
0.0,Paleogene_Volcanic,457999.44,2116639.54,-36.1,POINT (457999.4419831281 2116639.5445499877)
0.0,Paleogene_Volcanic,457999.44,2116639.54,-36.1,POINT (457999.4419831281 2116639.5445499877)
0.0,Paleogene_Volcanic,460794.85,2116825.08,-36.1,POINT (460794.8543482506 2116825.077348862)
0.0,Neogene_Volcanic,460794.85,2116825.08,699.12,POINT (460794.8543482506 2116825.077348862)
0.0,Cretaceous_limestone,460794.85,2116825.08,-1800.0,POINT (460794.8543482506 2116825.077348862)
0.0,Quaternary_volcanic,462193.72,2116825.08,3338.65,POINT (462193.7243482591 2116825.0773490975)
0.0,Quaternary_volcanic,462447.89,2116825.08,3023.88,POINT (462447.8885900722 2116825.0773491403)
,Quaternary_volcanic,457531.8216629056,2115331.8783635213,2812.0,POINT (457531.8216629056 2115331.8783635213)
0.0,Paleogene_Volcanic,457999.44,2117837.83,-36.1,POINT (457999.4419830482 2117837.8312494135)
0.0,Neogene_Volcanic,457999.44,2117848.41,699.12,POINT (457999.4419830475 2117848.4114988144)
0.0,Quaternary_volcanic,457999.44,2117871.71,2318.24,POINT (457999.44198304595 2117871.711562543)
,F11,457999.44,2117979.45,2855.0,POINT (457999.4419830388 2117979.4461991414)
0.0,Cretaceous_limestone,457999.44,2118012.58,-1792.47,POINT (457999.4419830366 2118012.5768123805)
0.0,Paleogene_Volcanic,457999.44,2118037.85,-36.1,POINT (457999.4419830349 2118037.8519572252)
0.0,Neogene_Volcanic,457999.44,2118048.43,699.12,POINT (457999.4419830342 2118048.4322066256)
0.0,Quaternary_volcanic,457999.44,2118071.06,2271.34,POINT (457999.4419830327 2118071.057281929)
0.0,Quaternary_volcanic,457999.44,2118283.64,2221.32,POINT (457999.4419830185 2118283.6391606648)
0.0,Quaternary_volcanic,462699.24,2116825.08,2931.28,POINT (462699.243259442 2116825.0773491827)
0.0,Quaternary_volcanic,463321.02,2116825.08,2931.28,POINT (463321.01533631695 2116825.0773492875)
0.0,Quaternary_volcanic,463863.41,2116825.08,3010.65,POINT (463863.4122544424 2116825.0773493787)
0.0,Quaternary_volcanic,464292.03,2116825.08,3577.28,POINT (464292.0343482615 2116825.0773494514)
0.0,Quaternary_volcanic,466490.26,2116825.08,3463.02,POINT (466490.26434826193 2116825.0773498216)
0.0,Quaternary_volcanic,457999.44,2116843.72,2865.62,POINT (457999.44198311446 2116843.718711732)
,Quaternary_volcanic,458326.4184999997,2116873.3314999994,2873.0,POINT (458326.4184999997 2116873.3314999994)
0.0,Neogene_Volcanic,457999.44,2117066.25,699.12,POINT (457999.4419830996 2117066.247190794)
0.0,Neogene_Volcanic,457999.44,2117066.25,699.12,POINT (457999.4419830996 2117066.247190794)
,Quaternary_volcanic,466249.5686999997,2117182.103700001,3481.0,POINT (466249.5686999997 2117182.103700001)
0.0,Quaternary_volcanic,457999.44,2117198.85,2618.19,POINT (457999.4419830908 2117198.84532441)
0.0,Paleogene_Volcanic,457999.44,2117459.75,-36.1,POINT (457999.44198307337 2117459.754523741)
0.0,Paleogene_Volcanic,457999.44,2117459.75,-36.1,POINT (457999.44198307337 2117459.754523741)
,Quaternary_volcanic,461713.0919000004,2117508.332699999,3166.0,POINT (461713.0919000004 2117508.332699999)
0.0,Neogene_Volcanic,457999.44,2117565.59,699.12,POINT (457999.4419830663 2117565.5880687414)
0.0,Neogene_Volcanic,457999.44,2117565.59,699.12,POINT (457999.4419830663 2117565.5880687414)
0.0,Quaternary_volcanic,457999.44,2117608.95,2380.07,POINT (457999.4419830635 2117608.95031129)
0.0,Cretaceous_limestone,457999.44,2117812.56,-1792.3,POINT (457999.4419830499 2117812.5585602955)
,Quaternary_volcanic,463112.0696000001,2118000.397399999,3373.0,POINT (463112.0696000001 2118000.397399999)
,Quaternary_volcanic,460197.7287999997,2118044.727,2987.0,POINT (460197.7287999997 2118044.727)
0.0,Neogene_pyro,469621.67,2116825.08,2310.64,POINT (469621.67150076595 2116825.077350349)
0.0,Neogene_pyro,470794.16,2116825.08,1837.01,POINT (470794.1627301396 2116825.0773505466)
0.0,Neogene_Volcanic,471486.84,2116825.08,699.12,POINT (471486.83641027374 2116825.0773506635)
0.0,Paleogene_Volcanic,471489.99,2116825.08,-36.1,POINT (471489.9918627524 2116825.077350664)
0.0,Quaternary_volcanic,472725.62,2116825.08,2128.05,POINT (472725.6249263966 2116825.077350872)
0.0,Neogene_pyro,473381.12,2116825.08,1592.27,POINT (473381.11795596866 2116825.077350983)
0.0,Paleogene_Volcanic,473470.8,2116825.08,-295.76,POINT (473470.79822478903 2116825.077350998)
0.0,Quaternary_volcanic,475159.8,2116825.08,1942.84,POINT (475159.79646140424 2116825.0773512824)
,Quaternary_volcanic,469279.45330000017,2119004.5058999998,3229.0,POINT (469279.45330000017 2119004.5058999998)
,Quaternary_volcanic,470141.9901999999,2120132.3366,3291.0,POINT (470141.9901999999 2120132.3366)
,Quaternary_volcanic,464173.7218000004,2118425.7682000007,3500.0,POINT (464173.7218000004 2118425.7682000007)
0.0,Paleogene_Volcanic,460794.85,2121825.08,-36.1,POINT (460794.85434740805 2121825.077348862)
0.0,Quaternary_volcanic,460794.85,2121825.08,2121.43,POINT (460794.85434740805 2121825.077348862)
0.0,Neogene_Volcanic,460794.85,2121825.08,699.12,POINT (460794.85434740805 2121825.077348862)
0.0,Cretaceous_limestone,460806.67,2121825.08,-1499.86,POINT (460806.6653158555 2121825.0773488637)
0.0,Quaternary_volcanic,461501.3,2121825.08,2174.35,POINT (461501.3025288286 2121825.077348981)
0.0,Quaternary_volcanic,462215.68,2121825.08,2333.1,POINT (462215.6789575892 2121825.077349101)
0.0,Quaternary_volcanic,463088.81,2121825.08,2306.64,POINT (463088.80570383766 2121825.0773492483)
0.0,Quaternary_volcanic,463565.06,2121825.08,2227.27,POINT (463565.05665634223 2121825.0773493284)
0.0,Quaternary_volcanic,464887.98,2121825.08,2306.64,POINT (464887.9759688454 2121825.0773495515)
,Quaternary_volcanic,467229.1231000004,2120848.7883,3563.0,POINT (467229.1231000004 2120848.7883)
0.0,Quaternary_volcanic,467480.9,2121825.08,2809.35,POINT (467480.89782135957 2121825.0773499887)
0.0,Quaternary_volcanic,467689.29,2121825.08,3594.76,POINT (467689.29434742057 2121825.0773500237)
0.0,Quaternary_volcanic,468988.24,2121825.08,3530.7,POINT (468988.2443474198 2121825.0773502425)
0.0,Quaternary_volcanic,469359.44,2121825.08,3100.39,POINT (469359.4432451094 2121825.077350305)
0.0,Quaternary_volcanic,470206.11,2121825.08,2624.14,POINT (470206.1116051192 2121825.077350448)
0.0,Neogene_pyro,470308.68,2121825.08,2608.83,POINT (470308.6847499884 2121825.077350465)
0.0,Neogene_pyro,470946.95,2121825.08,2121.43,POINT (470946.94642012217 2121825.0773505727)
0.0,Neogene_Volcanic,471486.84,2121825.08,699.12,POINT (471486.8364094312 2121825.0773506635)
0.0,Paleogene_Volcanic,471489.99,2121825.08,-36.1,POINT (471489.9918619024 2121825.077350664)
0.0,Quaternary_volcanic,457999.44,2118283.64,2221.32,POINT (457999.4419830185 2118283.6391606648)
0.0,Quaternary_volcanic,457999.44,2120373.85,2102.25,POINT (457999.4419828792 2120373.8516744245)
0.0,Quaternary_volcanic,457999.44,2121646.76,2120.2,POINT (457999.4419827944 2121646.762755057)
0.0,Quaternary_volcanic,457999.44,2121659.46,2121.43,POINT (457999.4419827935 2121659.462780459)
0.0,Quaternary_volcanic,457999.44,2121957.91,2121.43,POINT (457999.44198277366 2121957.9133773576)
0.0,Quaternary_volcanic,457999.44,2122741.88,2102.25,POINT (457999.4419827214 2122741.8772438113)
0.0,Quaternary_volcanic,457999.44,2123429.8,2234.55,POINT (457999.4419826756 2123429.795286311)
0.0,Quaternary_volcanic,457999.44,2124183.86,2380.07,POINT (457999.4419826253 2124183.8592944425)
0.0,Cretaceous_limestone,457999.44,2125030.84,-1798.45,POINT (457999.4419825689 2125030.844807216)
0.0,Paleogene_Volcanic,457999.44,2125106.61,-36.1,POINT (457999.4419825638 2125106.6086736065)
,Quaternary_volcanic,472293.8801999996,2122255.584100001,3375.0,POINT (472293.8801999996 2122255.584100001)
,Quaternary_volcanic,468567.6824000003,2122409.8748000003,3577.0,POINT (468567.6824000003 2122409.8748000003)
,Quaternary_volcanic,467529.7467999999,2122663.4246999994,3596.0,POINT (467529.7467999999 2122663.4246999994)
,Quaternary_volcanic,469094.59250000026,2123057.6493999995,3474.0,POINT (469094.59250000026 2123057.6493999995)
,Quaternary_volcanic,474851.5401999997,2123702.9448000006,3285.0,POINT (474851.5401999997 2123702.9448000006)
,Quaternary_volcanic,470971.3936999999,2125111.002800001,3407.0,POINT (470971.3936999999 2125111.002800001)
,Quaternary_volcanic,468928.3715000004,2125146.4935,3512.0,POINT (468928.3715000004 2125146.4935)
,Quaternary_volcanic,475711.4324000003,2125169.8235,3026.0,POINT (475711.4324000003 2125169.8235)
,Quaternary_volcanic,474219.9028000003,2125611.68,3145.0,POINT (474219.9028000003 2125611.68)
,Quaternary_volcanic,475335.33380000014,2125938.4332,2997.0,POINT (475335.33380000014 2125938.4332)
0.0,Quaternary_volcanic,466078.6,2121825.08,2386.02,POINT (466078.6033500994 2121825.077349752)
0.0,Quaternary_volcanic,467004.65,2121825.08,2624.14,POINT (467004.646868855 2121825.077349908)
,Quaternary_volcanic,465861.1365,2122108.3584000003,3537.0,POINT (465861.1365 2122108.3584000003)
,Quaternary_volcanic,463411.4156,2122811.9639,3343.0,POINT (463411.4156 2122811.9639)
,Quaternary_volcanic,466942.2719999999,2124239.9372000005,3696.0,POINT (466942.2719999999 2124239.9372000005)
,Quaternary_volcanic,463981.2758999998,2125050.1450999994,3383.0,POINT (463981.2758999998 2125050.1450999994)
,Quaternary_volcanic,462194.9852999998,2126009.884400001,3383.0,POINT (462194.9852999998 2126009.884400001)
0.0,Neogene_Volcanic,460794.85,2126825.08,699.12,POINT (460794.8543465655 2126825.077348862)
0.0,Paleogene_Volcanic,460794.85,2126825.08,-36.1,POINT (460794.8543465655 2126825.077348862)
0.0,Cretaceous_limestone,460794.85,2126825.08,-1000.0,POINT (460794.8543465655 2126825.077348862)
0.0,Quaternary_volcanic,457999.44,2125136.36,2565.28,POINT (457999.44198256184 2125136.3611994404)
0.0,Neogene_Volcanic,457999.44,2125138.22,699.12,POINT (457999.4419825617 2125138.2158952947)
0.0,Quaternary_volcanic,457999.44,2125218.91,2576.18,POINT (457999.4419825563 2125218.910804862)
0.0,Cretaceous_limestone,457999.44,2125231.02,-1798.62,POINT (457999.44198255555 2125231.0221950063)
0.0,Paleogene_Volcanic,457999.44,2125306.79,-36.1,POINT (457999.4419825505 2125306.7934034215)
,XoF,457999.44,2125332.71,2895.0,POINT (457999.44198254874 2125332.709366373)
0.0,Neogene_Volcanic,457999.44,2125338.4,699.12,POINT (457999.4419825484 2125338.4006251097)
0.0,Quaternary_volcanic,457999.44,2125420.24,2602.77,POINT (457999.4419825429 2125420.2386625158)
0.0,Paleogene_Volcanic,457999.44,2125561.5,-36.1,POINT (457999.4419825335 2125561.502893904)
0.0,Paleogene_Volcanic,457999.44,2125561.5,-36.1,POINT (457999.4419825335 2125561.502893904)
0.0,Quaternary_volcanic,457999.44,2125589.95,2625.18,POINT (457999.4419825316 2125589.9475541674)
0.0,Quaternary_volcanic,457999.44,2125589.95,2625.18,POINT (457999.4419825316 2125589.9475541674)
0.0,Neogene_Volcanic,457999.44,2125628.56,699.12,POINT (457999.441982529 2125628.5590280164)
0.0,Neogene_Volcanic,457999.44,2125628.56,699.12,POINT (457999.441982529 2125628.5590280164)
0.0,Quaternary_volcanic,457999.44,2125837.51,2657.88,POINT (457999.4419825151 2125837.5084350687)
0.0,Cretaceous_limestone,457999.44,2126559.64,-1799.76,POINT (457999.44198246696 2126559.6382539584)
0.0,Paleogene_Volcanic,457999.44,2126623.17,-36.1,POINT (457999.44198246277 2126623.167917198)
0.0,Neogene_Volcanic,457999.44,2126649.65,699.12,POINT (457999.44198246096 2126649.6516651423)
0.0,Quaternary_volcanic,457999.44,2126724.09,2765.56,POINT (457999.441982456 2126724.087743077)
0.0,Cretaceous_limestone,457999.44,2126759.76,-1799.93,POINT (457999.44198245363 2126759.7618165524)
0.0,Neogene_pyro,494974.33,2116825.08,884.26,POINT (494974.33434826223 2116825.0773546216)
0.0,Neogene_Volcanic,494974.33,2116825.08,-579.22,POINT (494974.3343482697 2116825.0773546216)
0.0,Paleogene_Volcanic,494974.33,2116825.08,-1300.0,POINT (494974.3343482697 2116825.0773546216)
0.0,Neogene_Volcanic,495373.92,2118415.5,-579.22,POINT (495373.918512522 2118415.5033182246)
0.0,Quaternary_volcanic,495380.37,2118441.16,1439.89,POINT (495380.36564844684 2118441.164195866)
0.0,Paleogene_Volcanic,495391.43,2118485.22,-1300.0,POINT (495391.43323178444 2118485.21536915)
0.0,Paleogene_Volcanic,495454.55,2118736.41,-1300.0,POINT (495454.54541210155 2118736.414344274)
0.0,Neogene_pyro,495473.8,2118813.04,884.26,POINT (495473.7979729866 2118813.043348985)
0.0,Quaternary_volcanic,495478.71,2118832.58,1439.89,POINT (495478.7064160542 2118832.5799243627)
0.0,Cretaceous_limestone,495503.27,2118930.34,-1300.0,POINT (495503.2682367764 2118930.3408345636)
0.0,Quaternary_volcanic,487142.65,2116825.08,1439.89,POINT (487142.6520182313 2116825.077353302)
0.0,Neogene_Volcanic,487142.65,2116825.08,-579.22,POINT (487142.6520182313 2116825.077353302)
0.0,Neogene_pyro,487142.65,2116825.08,884.26,POINT (487142.6520182313 2116825.077353302)
0.0,Paleogene_Volcanic,487142.65,2116825.08,-1300.0,POINT (487142.6520182313 2116825.077353302)
0.0,Quaternary_volcanic,477455.71,2121825.08,1830.39,POINT (477455.7094376425 2121825.0773516693)
0.0,Neogene_pyro,477693.83,2121825.08,1248.31,POINT (477693.8349138985 2121825.0773517094)
0.0,Quaternary_volcanic,478778.63,2121825.08,1698.1,POINT (478778.6287501531 2121825.0773518924)
0.0,Neogene_pyro,479096.13,2121825.08,1142.47,POINT (479096.1293851549 2121825.077351946)
0.0,Quaternary_volcanic,479916.34,2121825.08,1645.18,POINT (479916.3393589037 2121825.077352084)
0.0,Quaternary_volcanic,480862.84,2121825.08,1569.69,POINT (480862.8365531529 2121825.0773522435)
0.0,Paleogene_Volcanic,495503.83,2118932.59,-1236.14,POINT (495503.83241147676 2118932.586361589)
0.0,Neogene_Volcanic,495510.7,2118959.94,-458.26,POINT (495510.7042317714 2118959.937567118)
0.0,F11,495515.23,2118977.96,2814.5,POINT (495515.2329673434 2118977.962831474)
0.0,Neogene_pyro,495523.61,2119011.29,1002.24,POINT (495523.6064249777 2119011.290850969)
0.0,Quaternary_volcanic,495528.14,2119029.35,1515.92,POINT (495528.14425722015 2119029.3523218744)
0.0,Paleogene_Volcanic,495552.61,2119126.74,-1236.14,POINT (495552.6116299051 2119126.737310185)
0.0,Quaternary_volcanic,495645.06,2119494.71,1515.92,POINT (495645.06355906714 2119494.714295563)
0.0,Neogene_pyro,495656.67,2119540.9,1002.24,POINT (495656.66840373183 2119540.903875317)
0.0,Neogene_Volcanic,495660.54,2119556.3,-458.26,POINT (495660.53668528673 2119556.300401902)
0.0,Neogene_pyro,496178.95,2121619.68,1002.24,POINT (496178.94711812 2121619.6765801096)
0.0,Quaternary_volcanic,471978.82,2121825.08,2359.56,POINT (471978.8234838734 2121825.0773507464)
0.0,Neogene_pyro,471978.82,2121825.08,1909.77,POINT (471978.8234838734 2121825.0773507464)
0.0,Quaternary_volcanic,473354.66,2121825.08,2121.43,POINT (473354.65956888 2121825.0773509783)
0.0,Neogene_pyro,473381.12,2121825.08,1592.27,POINT (473381.1179551261 2121825.077350983)
0.0,Neogene_pyro,474001.18,2121825.08,1534.85,POINT (474001.18138023117 2121825.0773510872)
0.0,Quaternary_volcanic,474465.91,2121825.08,2121.43,POINT (474465.9117913807 2121825.0773511655)
0.0,Neogene_pyro,474809.87,2121825.08,1459.97,POINT (474809.8708126361 2121825.0773512237)
0.0,Quaternary_volcanic,475127.37,2121825.08,1989.14,POINT (475127.3714476379 2121825.077351277)
0.0,Quaternary_volcanic,476132.79,2121825.08,2015.6,POINT (476132.7901251393 2121825.0773514463)
0.0,Neogene_pyro,476265.08,2121825.08,1301.22,POINT (476265.0820563885 2121825.0773514686)
0.0,Paleogene_Volcanic,496230.55,2121825.08,-1236.14,POINT (496230.5543474222 2121825.077354833)
0.0,Quaternary_volcanic,496230.55,2121825.08,1515.92,POINT (496230.55434741103 2121825.077354833)
0.0,Neogene_Volcanic,496230.55,2121825.08,-458.26,POINT (496230.5543474222 2121825.077354833)
0.0,Neogene_pyro,496230.55,2121825.08,1002.24,POINT (496230.5543474222 2121825.077354833)
0.0,Neogene_pyro,496507.75,2122928.38,1002.24,POINT (496507.7510502866 2122928.381339822)
0.0,Paleogene_Volcanic,496507.91,2122929.0,-1236.14,POINT (496507.90525034 2122928.9950865693)
0.0,Neogene_Volcanic,496525.63,2122999.56,-458.26,POINT (496525.6348741333 2122999.562500083)
0.0,Cretaceous_limestone,496540.36,2123058.17,-1300.0,POINT (496540.3592923092 2123058.1686001495)
0.0,Paleogene_Volcanic,496541.84,2123064.04,-1236.14,POINT (496541.8353567988 2123064.043629108)
0.0,Neogene_Volcanic,496561.47,2123142.2,-458.26,POINT (496561.4728292963 2123142.204658257)
0.0,Neogene_pyro,496565.34,2123157.58,1002.24,POINT (496565.33633715834 2123157.582184599)
0.0,Quaternary_volcanic,496583.9,2123231.49,1515.92,POINT (496583.90408862184 2123231.485512206)
0.0,Cretaceous_limestone,496589.22,2123252.64,-1300.0,POINT (496589.21813050355 2123252.6364511806)
0.0,Neogene_pyro,496598.34,2123288.96,1002.24,POINT (496598.3431858223 2123288.955978291)
0.0,Quaternary_volcanic,496611.31,2123340.57,1515.92,POINT (496611.3108642596 2123340.5699063283)
0.0,Paleogene_Volcanic,496635.31,2123436.09,525.79,POINT (496635.31017148006 2123436.091901404)
0.0,Neogene_Volcanic,496645.16,2123475.28,915.79,POINT (496645.1557108749 2123475.279097807)
0.0,Neogene_pyro,496657.78,2123525.52,1415.79,POINT (496657.7781972786 2123525.5190931964)
0.0,XoF,496659.1,2123530.78,2438.51,POINT (496659.09920155857 2123530.7769518155)
0.0,Quaternary_volcanic,496665.35,2123555.66,1715.79,POINT (496665.3516891208 2123555.6630904293)
0.0,Paleogene_Volcanic,481515.29,2121825.08,-1236.14,POINT (481515.28698601224 2121825.0773523534)
0.0,Neogene_Volcanic,481521.41,2121825.08,-458.26,POINT (481521.411998261 2121825.0773523543)
0.0,Neogene_pyro,481532.91,2121825.08,1002.24,POINT (481532.91202126094 2121825.0773523566)
0.0,Quaternary_volcanic,481536.96,2121825.08,1515.92,POINT (481536.9566960188 2121825.077352357)
0.0,Neogene_pyro,486502.66,2121825.08,1002.24,POINT (486502.658832893 2121825.077353194)
0.0,Quaternary_volcanic,486767.24,2121825.08,1515.92,POINT (486767.24269539514 2121825.0773532386)
0.0,Neogene_pyro,488963.29,2121825.08,1002.24,POINT (488963.28875415795 2121825.0773536083)
0.0,Quaternary_volcanic,489677.67,2121825.08,1515.92,POINT (489677.66518290737 2121825.077353729)
0.0,Neogene_Volcanic,491799.25,2121825.08,-458.26,POINT (491799.25174933695 2121825.0773540866)
0.0,Neogene_Volcanic,477410.22,2126825.08,699.12,POINT (477410.2220018763 2126825.077351662)
0.0,Quaternary_volcanic,498294.85,2121825.08,1515.92,POINT (498294.85434740805 2121825.077355181)
0.0,Neogene_Volcanic,498294.85,2121825.08,-458.26,POINT (498294.85434740805 2121825.077355181)
0.0,Neogene_Volcanic,498294.85,2121825.08,-458.26,POINT (498294.85434740805 2121825.077355181)
0.0,Quaternary_volcanic,498294.85,2121825.08,1515.92,POINT (498294.85434740805 2121825.077355181)
0.0,Neogene_pyro,498294.85,2121825.08,1002.24,POINT (498294.85434740805 2121825.077355181)
0.0,Cretaceous_limestone,498294.85,2121825.08,-1499.86,POINT (498294.85434740805 2121825.077355181)
0.0,Cretaceous_limestone,498294.85,2121825.08,-1499.86,POINT (498294.85434740805 2121825.077355181)
0.0,Paleogene_Volcanic,498294.85,2121825.08,-1236.14,POINT (498294.85434740805 2121825.077355181)
0.0,Paleogene_Volcanic,498786.47,2121825.08,-1236.14,POINT (498786.47058488824 2121825.0773552638)
0.0,Neogene_Volcanic,497486.76,2126825.08,1034.85,POINT (497486.76434656937 2126825.077355045)
0.0,Quaternary_volcanic,496682.32,2123623.21,1715.79,POINT (496682.3218741396 2123623.207787237)
0.0,Paleogene_Volcanic,496684.48,2123631.8,525.79,POINT (496684.47940904915 2123631.7952034115)
0.0,Neogene_Volcanic,496690.67,2123656.43,915.79,POINT (496690.668659537 2123656.429645947)
0.0,Neogene_pyro,496693.76,2123668.75,1415.79,POINT (496693.7632847809 2123668.7468672153)
0.0,Cretaceous_limestone,497256.51,2125908.6,-1300.0,POINT (497256.51252067817 2125908.6002615783)
0.0,Paleogene_Volcanic,497256.99,2125910.48,525.79,POINT (497256.9850791739 2125910.481137967)
0.0,Neogene_pyro,497275.55,2125984.38,1415.79,POINT (497275.5528306374 2125984.3844655748)
0.0,Neogene_Volcanic,497277.1,2125990.54,915.79,POINT (497277.10014325933 2125990.543076209)
0.0,Quaternary_volcanic,497281.64,2126008.63,1715.79,POINT (497281.6440846592 2126008.6288627703)
0.0,Paleogene_Volcanic,497292.69,2126052.61,525.79,POINT (497292.69392066076 2126052.609398143)
0.0,Neogene_Volcanic,497300.44,2126083.45,915.79,POINT (497300.4433242368 2126083.4535589106)
0.0,Cretaceous_limestone,497305.31,2126102.83,-1300.0,POINT (497305.3108941073 2126102.8274508705)
0.0,Neogene_pyro,497310.38,2126123.0,1415.79,POINT (497310.3784570267 2126122.9973547678)
0.0,Quaternary_volcanic,497316.34,2126146.72,1715.79,POINT (497316.3395367005 2126146.723632281)
0.0,Paleogene_Volcanic,497343.96,2126256.64,644.85,POINT (497343.95565190207 2126256.641239321)
0.0,Paleogene_Volcanic,497346.7,2126267.57,644.85,POINT (497346.70162513375 2126267.57075654)
0.0,Cretaceous_limestone,497346.7,2126267.57,-1300.0,POINT (497346.7016251347 2126267.570756544)
0.0,Cretaceous_limestone,497346.7,2126267.57,-1300.0,POINT (497346.7016251347 2126267.570756544)
0.0,Neogene_Volcanic,497351.71,2126287.49,1034.85,POINT (497351.70505547797 2126287.4854000886)
0.0,XiF,497357.23,2126309.46,2543.07,POINT (497357.22576662875 2126309.458923679)
0.0,Neogene_pyro,497361.64,2126327.03,1534.85,POINT (497361.64018826786 2126327.0291959452)
0.0,Quaternary_volcanic,497367.6,2126350.76,1834.85,POINT (497367.6012679418 2126350.7554734596)
0.0,Quaternary_volcanic,497371.9,2126367.88,1834.85,POINT (497371.90398760675 2126367.8811497497)
0.0,Quaternary_volcanic,494550.94,2126825.08,1834.85,POINT (494550.94362306927 2126825.07735455)
0.0,Neogene_pyro,495080.11,2126825.08,1534.85,POINT (495080.1113480698 2126825.0773546393)
0.0,Neogene_pyro,478951.29,2126825.08,1825.16,POINT (478951.2875340018 2126825.0773519212)
0.0,Paleogene_Volcanic,483702.62,2126825.08,57.2,POINT (483702.62205700163 2126825.077352722)
0.0,Quaternary_volcanic,483785.69,2126825.08,1888.82,POINT (483785.6877175528 2126825.077352736)
0.0,Neogene_pyro,483856.67,2126825.08,1666.41,POINT (483856.6723447736 2126825.077352748)
0.0,Paleogene_Volcanic,485210.75,2126825.08,57.2,POINT (485210.7500732574 2126825.077352976)
0.0,Neogene_pyro,485474.94,2126825.08,1534.85,POINT (485474.94434658025 2126825.0773530207)
0.0,Neogene_Volcanic,485474.94,2126825.08,1034.85,POINT (485474.94434658025 2126825.0773530207)
0.0,Quaternary_volcanic,485474.94,2126825.08,1834.85,POINT (485474.9443465728 2126825.0773530207)
0.0,Quaternary_volcanic,486646.5,2126825.08,1834.85,POINT (486646.5007308494 2126825.077353218)
0.0,Quaternary_volcanic,487829.67,2126825.08,1834.85,POINT (487829.67416237626 2126825.0773534174)
0.0,Quaternary_volcanic,488970.69,2126825.08,1834.85,POINT (488970.69206941087 2126825.0773536097)
0.0,Neogene_pyro,489160.05,2126825.08,1534.85,POINT (489160.0474246066 2126825.077353642)
0.0,Neogene_pyro,490664.87,2126825.08,1534.85,POINT (490664.8681425858 2126825.077353895)
0.0,Paleogene_Volcanic,490714.09,2126825.08,644.85,POINT (490714.09441327635 2126825.0773539036)
0.0,Quaternary_volcanic,490780.62,2126825.08,1834.85,POINT (490780.62358242605 2126825.0773539147)
0.0,Cretaceous_limestone,491128.13,2126825.08,-1000.0,POINT (491128.1282493246 2126825.0773539734)
0.0,Cretaceous_limestone,491128.13,2126825.08,-1000.0,POINT (491128.1282493246 2126825.0773539734)
0.0,Neogene_Volcanic,491526.33,2126825.08,1034.85,POINT (491526.32696238876 2126825.0773540405)
0.0,Neogene_Volcanic,491526.33,2126825.08,1034.85,POINT (491526.32696238876 2126825.0773540405)
0.0,Neogene_pyro,491751.22,2126825.08,1534.85,POINT (491751.2232455147 2126825.077354078)
0.0,Quaternary_volcanic,491751.22,2126825.08,1834.85,POINT (491751.2232455147 2126825.077354078)
0.0,Neogene_pyro,491751.22,2126825.08,1534.85,POINT (491751.2232455147 2126825.077354078)
0.0,Quaternary_volcanic,491751.22,2126825.08,1834.85,POINT (491751.2232455147 2126825.077354078)
0.0,Paleogene_Volcanic,491874.25,2126825.08,644.85,POINT (491874.25474157766 2126825.077354099)
0.0,Paleogene_Volcanic,491874.25,2126825.08,644.85,POINT (491874.25474157766 2126825.077354099)
0.0,Neogene_pyro,497486.76,2126825.08,1534.85,POINT (497486.76434656937 2126825.077355045)
0.0,Quaternary_volcanic,497486.76,2126825.08,1834.85,POINT (497486.76434656937 2126825.077355045)
0.0,Paleogene_Volcanic,497486.76,2126825.08,644.85,POINT (497486.76434656937 2126825.077355045)
0.0,Paleogene_Volcanic,498294.85,2126825.08,644.85,POINT (498294.8543465655 2126825.077355181)
0.0,Quaternary_volcanic,498294.85,2126825.08,1834.85,POINT (498294.8543465655 2126825.077355181)
0.0,Paleogene_Volcanic,498294.85,2126825.08,644.85,POINT (498294.8543465655 2126825.077355181)
0.0,Neogene_pyro,498294.85,2126825.08,1534.85,POINT (498294.8543465655 2126825.077355181)
0.0,Neogene_Volcanic,498294.85,2126825.08,1034.85,POINT (498294.8543465655 2126825.077355181)
0.0,Neogene_Volcanic,498294.85,2126825.08,1034.85,POINT (498294.8543465655 2126825.077355181)
0.0,Cretaceous_limestone,498294.85,2126825.08,-1000.0,POINT (498294.8543465655 2126825.077355181)
0.0,Neogene_pyro,476206.1,2126825.08,1905.22,POINT (476206.1008436303 2126825.077351459)
0.0,Paleogene_Volcanic,476246.08,2126825.08,-36.1,POINT (476246.0841956917 2126825.0773514654)
0.0,Paleogene_Volcanic,476923.42,2126825.08,-36.1,POINT (476923.4188836995 2126825.0773515794)
,Quaternary_volcanic,472955.9113999996,2127361.945800001,3080.0,POINT (472955.9113999996 2127361.945800001)
,Quaternary_volcanic,471857.73199999984,2126446.543299999,3289.0,POINT (471857.73199999984 2126446.543299999)
0.0,Cretaceous_limestone,467374.72,2126825.08,-1000.0,POINT (467374.71511749836 2126825.0773499706)
0.0,Cretaceous_limestone,467374.72,2126825.08,-1000.0,POINT (467374.71511749836 2126825.0773499706)
0.0,Neogene_Volcanic,467460.7,2126825.08,699.12,POINT (467460.7048728112 2126825.077349985)
0.0,Neogene_Volcanic,467460.7,2126825.08,699.12,POINT (467460.7048728112 2126825.077349985)
0.0,Paleogene_Volcanic,467586.38,2126825.08,-36.1,POINT (467586.38220749923 2126825.0773500064)
0.0,Paleogene_Volcanic,467586.38,2126825.08,-36.1,POINT (467586.38220749923 2126825.0773500064)
0.0,Neogene_Volcanic,469706.52,2126825.08,699.12,POINT (469706.5189342234 2126825.0773503636)
0.0,Paleogene_Volcanic,470018.97,2126825.08,-36.1,POINT (470018.96623933397 2126825.077350416)
0.0,Paleogene_Volcanic,470018.97,2126825.08,-36.1,POINT (470018.96623933397 2126825.077350416)
0.0,Quaternary_volcanic,460794.85,2126825.08,2780.0,POINT (460794.8543465655 2126825.077348862)
0.0,Quaternary_volcanic,461104.71,2126825.08,2780.0,POINT (461104.7115853499 2126825.077348914)
0.0,Quaternary_volcanic,461528.57,2126825.08,2780.0,POINT (461528.574933074 2126825.0773489857)
0.0,Quaternary_volcanic,462060.01,2126825.08,2918.89,POINT (462060.0103347819 2126825.077349075)
0.0,Quaternary_volcanic,462385.45,2126825.08,3037.96,POINT (462385.44848565344 2126825.07734913)
0.0,Quaternary_volcanic,462493.47,2126825.08,3313.68,POINT (462493.474346574 2126825.077349148)
0.0,Neogene_Volcanic,466414.28,2126825.08,699.12,POINT (466414.27569661953 2126825.077349809)
0.0,Neogene_Volcanic,466414.28,2126825.08,699.12,POINT (466414.27569661953 2126825.077349809)
0.0,Paleogene_Volcanic,466467.19,2126825.08,-36.1,POINT (466467.19246911973 2126825.077349818)
0.0,Paleogene_Volcanic,466467.19,2126825.08,-36.1,POINT (466467.19246911973 2126825.077349818)
0.0,Neogene_Volcanic,470098.34,2126825.08,699.12,POINT (470098.34139808425 2126825.0773504297)
0.0,Neogene_Volcanic,470098.34,2126825.08,699.12,POINT (470098.34139808425 2126825.0773504297)
0.0,Cretaceous_limestone,470392.03,2126825.08,-1000.0,POINT (470392.0294854604 2126825.077350479)
0.0,Cretaceous_limestone,470392.03,2126825.08,-1000.0,POINT (470392.0294854604 2126825.077350479)
0.0,Quaternary_volcanic,472085.75,2126825.08,3242.91,POINT (472085.74727128405 2126825.0773507645)
0.0,Quaternary_volcanic,472103.47,2126825.08,3234.63,POINT (472103.47086061497 2126825.0773507673)
0.0,Quaternary_volcanic,473034.95,2126825.08,2799.67,POINT (473034.9489513222 2126825.0773509243)
0.0,Quaternary_volcanic,473828.7,2126825.08,2429.25,POINT (473828.70053882856 2126825.0773510584)
0.0,Quaternary_volcanic,475151.62,2126825.08,2164.67,POINT (475151.61985133175 2126825.077351281)
0.0,Neogene_pyro,475571.27,2126825.08,2151.26,POINT (475571.27472127456 2126825.0773513517)
0.0,Cretaceous_limestone,466751.62,2126825.08,-1000.0,POINT (466751.62012130837 2126825.077349866)
0.0,Cretaceous_limestone,466751.62,2126825.08,-1000.0,POINT (466751.62012130837 2126825.077349866)
,Quaternary_volcanic,462423.68649999984,2126858.5283000004,3300.0,POINT (462423.68649999984 2126858.5283000004)
,Quaternary_volcanic,461299.77919999976,2127307.0177,3130.0,POINT (461299.77919999976 2127307.0177)
0.0,Paleogene_Volcanic,457999.44,2126823.3,-36.1,POINT (457999.44198244944 2126823.2976300335)
,XiF,457999.44,2126827.48,2858.0,POINT (457999.44198244915 2126827.4825825673)
0.0,Cretaceous_limestone,457999.44,2126843.02,-1800.0,POINT (457999.4419824481 2126843.018711729)
0.0,Paleogene_Volcanic,457999.44,2126843.02,-36.1,POINT (457999.4419824481 2126843.018711729)
0.0,Paleogene_Volcanic,457999.44,2126843.03,-35.42,POINT (457999.44198244903 2126843.0303713568)
0.0,Cretaceous_limestone,457999.44,2126843.03,-1000.0,POINT (457999.44198244903 2126843.0303713568)
0.0,Neogene_Volcanic,457999.44,2126843.03,1135.28,POINT (457999.44198244903 2126843.0303713568)
0.0,Quaternary_volcanic,457999.44,2126843.03,2780.0,POINT (457999.44198244903 2126843.030371364)
