Id,formation,X,Y,Z,geometry
0.0,Quaternary_volcanic,520544.65,2106825.08,2382.78,POINT (520544.65 2106825.08)
0.0,Neogene_Volcanic,520746.49,2106825.08,1009.68,POINT (520746.49 2106825.08)
0.0,Paleogene_Volcanic,524194.25,2106825.08,17.37,POINT (524194.25 2106825.08)
0.0,Neogene_Volcanic,524185.22,2106825.08,1033.17,POINT (524185.22 2106825.08)
0.0,Quaternary_Pyro2,524179.95,2106825.08,1626.14,POINT (524179.95 2106825.08)
0.0,Quaternary_volcanic,520295.07,2106825.08,2115.34,POINT (520295.07 2106825.08)
0.0,Quaternary_volcanic,519819.58,2106825.08,1945.41,POINT (519819.58 2106825.08)
0.0,Paleogene_Volcanic,520746.49,2106825.08,29.55,POINT (520746.49 2106825.08)
,Quaternary_volcanic,520538.2971999999,2106889.363500001,2386.0,POINT (520538.2971999999 2106889.363500001)
0.0,Paleogene_Volcanic,529860.88,2106825.08,-2.66,POINT (529860.88 2106825.08)
0.0,Quaternary_Pyro2,526620.12,2106825.08,2037.56,POINT (526620.12 2106825.08)
0.0,Quaternary_Pyro2,525700.74,2106825.08,1922.72,POINT (525700.74 2106825.08)
0.0,Quaternary_Pyro2,529199.85,2106825.08,2732.56,POINT (529199.85 2106825.08)
0.0,Quaternary_Pyro2,527482.54,2106825.08,2131.41,POINT (527482.54 2106825.08)
0.0,Quaternary_Pyro2,528555.79,2106825.08,2157.27,POINT (528555.79 2106825.08)
,Quaternary_Pyro2,529360.6368000004,2106982.5956,2737.0,POINT (529360.6368000004 2106982.5956)
,Quaternary_Pyro2,529630.5115,2107949.2146000005,2784.0,POINT (529630.5115 2107949.2146000005)
0.0,Quaternary_Pyro2,529860.88,2108035.08,2799.85,POINT (529860.88 2108035.08)
0.0,Cretaceous_limestone,529860.88,2106825.08,-1000.0,POINT (529860.88 2106825.08)
0.0,Paleogene_Volcanic,529860.88,2106825.08,-2.66,POINT (529860.88 2106825.08)
0.0,Neogene_Volcanic,529860.88,2106825.08,1071.95,POINT (529860.88 2106825.08)
0.0,Cretaceous_limestone,529860.88,2106825.08,-1000.0,POINT (529860.88 2106825.08)
0.0,Neogene_Volcanic,529860.88,2106825.08,1071.95,POINT (529860.88 2106825.08)
0.0,Neogene_Volcanic,534813.46,2106825.08,1105.78,POINT (534813.46 2106825.08)
0.0,Paleogene_Volcanic,534879.09,2106825.08,-20.39,POINT (534879.09 2106825.08)
0.0,Quaternary_Pyro2,529860.88,2108089.25,2530.45,POINT (529860.88 2108089.25)
0.0,Quaternary_Pyro2,529860.88,2108398.81,2466.95,POINT (529860.88 2108398.81)
0.0,Quaternary_Pyro2,529860.88,2108914.75,2443.14,POINT (529860.88 2108914.75)
0.0,Quaternary_Pyro2,529860.88,2109438.63,2427.27,POINT (529860.88 2109438.63)
0.0,Quaternary_Pyro2,529860.88,2110137.13,2466.95,POINT (529860.88 2110137.13)
0.0,Quaternary_Pyro2,529860.88,2110724.5,2451.08,POINT (529860.88 2110724.5)
0.0,Quaternary_Pyro2,529860.88,2110897.06,2453.77,POINT (529860.88 2110897.06)
0.0,Neogene_Volcanic,529860.88,2110938.01,1071.95,POINT (529860.88 2110938.01)
0.0,Paleogene_Volcanic,529860.88,2110969.86,-2.66,POINT (529860.88 2110969.86)
,F13,529860.88,2110989.24,2719.0,POINT (529860.88 2110989.24)
,Quaternary_Pyro2,531822.4972000001,2108765.978700001,3000.0,POINT (531822.4972000001 2108765.978700001)
,Quaternary_Pyro2,530916.1484000003,2110962.1270000003,2800.0,POINT (530916.1484000003 2110962.1270000003)
0.0,Quaternary_Pyro2,529860.88,2111232.5,2459.02,POINT (529860.88 2111232.5)
0.0,Quaternary_Pyro2,529860.88,2111432.21,2476.53,POINT (529860.88 2111432.21)
0.0,Neogene_Volcanic,529860.88,2111473.99,1071.95,POINT (529860.88 2111473.99)
0.0,Paleogene_Volcanic,529860.88,2111505.95,-2.66,POINT (529860.88 2111505.95)
,F12,529860.88,2111525.28,2711.0,POINT (529860.88 2111525.28)
0.0,Cretaceous_limestone,529860.88,2111555.31,-1662.23,POINT (529860.88 2111555.31)
0.0,Quaternary_Pyro2,529860.88,2111631.78,2494.04,POINT (529860.88 2111631.78)
0.0,Neogene_Volcanic,529860.88,2111674.08,1071.95,POINT (529860.88 2111674.08)
,Quaternary_volcanic,522698.3128000004,2109485.5056,2481.0,POINT (522698.3128000004 2109485.5056)
,Quaternary_alluvial,522698.3128000004,2109485.5056,2481.0,POINT (522698.3128000004 2109485.5056)
0.0,Paleogene_Volcanic,524194.25,2111825.08,17.37,POINT (524194.25 2111825.08)
0.0,Paleogene_Volcanic,524385.14,2111825.08,16.69,POINT (524385.14 2111825.08)
0.0,Quaternary_Pyro2,524179.95,2111825.08,1626.14,POINT (524179.95 2111825.08)
0.0,Neogene_Volcanic,524120.16,2111825.08,1034.14,POINT (524120.16 2111825.08)
0.0,Paleogene_Volcanic,524385.14,2111825.08,16.69,POINT (524385.14 2111825.08)
0.0,Quaternary_Pyro2,524452.44,2111825.08,1687.98,POINT (524452.44 2111825.08)
0.0,Quaternary_volcanic,524069.08,2111825.08,1974.28,POINT (524069.08 2111825.08)
0.0,Paleogene_Volcanic,523834.6,2111825.08,30.81,POINT (523834.6 2111825.08)
0.0,Cretaceous_limestone,529860.88,2111016.81,-1586.84,POINT (529860.88 2111016.81)
0.0,Quaternary_Pyro2,529860.88,2111097.05,2456.9,POINT (529860.88 2111097.05)
0.0,Neogene_Volcanic,529860.88,2111138.1,1071.95,POINT (529860.88 2111138.1)
0.0,Paleogene_Volcanic,529860.88,2111169.95,-2.66,POINT (529860.88 2111169.95)
0.0,Cretaceous_limestone,529860.88,2111217.73,-1614.97,POINT (529860.88 2111217.73)
,Quaternary_alluvial,526116.8573000003,2111407.034499999,2531.0,POINT (526116.8573000003 2111407.034499999)
0.0,Quaternary_Pyro2,528555.79,2111825.08,2157.27,POINT (528555.79 2111825.08)
0.0,Quaternary_Pyro2,525281.56,2111825.08,1876.15,POINT (525281.56 2111825.08)
0.0,Quaternary_alluvial,525842.38,2111825.08,2510.86,POINT (525842.38 2111825.08)
0.0,Quaternary_Pyro2,526323.36,2111825.08,1991.9,POINT (526323.36 2111825.08)
0.0,Quaternary_Pyro2,529860.88,2111684.94,2498.7,POINT (529860.88 2111684.94)
0.0,Paleogene_Volcanic,529860.88,2111706.04,-2.66,POINT (529860.88 2111706.04)
0.0,Cretaceous_limestone,529860.88,2111756.24,-1690.36,POINT (529860.88 2111756.24)
0.0,Cretaceous_limestone,529860.88,2111825.08,-1700.0,POINT (529860.88 2111825.08)
0.0,Cretaceous_limestone,529860.88,2111825.08,-1700.0,POINT (529860.88 2111825.08)
0.0,Quaternary_Pyro2,530438.65,2111825.08,2779.98,POINT (530438.65 2111825.08)
0.0,Neogene_Volcanic,529860.88,2111825.08,1071.95,POINT (529860.88 2111825.08)
0.0,Paleogene_Volcanic,529860.88,2111825.08,-2.66,POINT (529860.88 2111825.08)
0.0,Quaternary_alluvial,523766.16,2111825.08,2293.53,POINT (523766.16 2111825.08)
0.0,Quaternary_alluvial,524188.54,2111825.08,2288.04,POINT (524188.54 2111825.08)
0.0,Paleogene_Volcanic,523614.43,2111825.08,39.04,POINT (523614.43 2111825.08)
0.0,Quaternary_alluvial,523442.37,2111825.08,2296.97,POINT (523442.37 2111825.08)
0.0,Quaternary_alluvial,522771.32,2111825.08,2304.11,POINT (522771.32 2111825.08)
0.0,Quaternary_Pyro2,520639.93,2111825.08,1699.17,POINT (520639.93 2111825.08)
0.0,Cretaceous_limestone,522730.63,2111825.08,-1700.0,POINT (522730.63 2111825.08)
0.0,Quaternary_volcanic,522710.01,2111825.08,2011.75,POINT (522710.01 2111825.08)
0.0,Cretaceous_limestone,522954.98,2111825.08,-1700.0,POINT (522954.98 2111825.08)
0.0,Quaternary_alluvial,522545.04,2111825.08,2486.15,POINT (522545.04 2111825.08)
0.0,Quaternary_Pyro2,527183.26,2111825.08,2124.19,POINT (527183.26 2111825.08)
0.0,Quaternary_alluvial,525660.58,2111825.08,2325.28,POINT (525660.58 2111825.08)
0.0,Quaternary_alluvial,525237.25,2111825.08,2261.78,POINT (525237.25 2111825.08)
0.0,Quaternary_volcanic,525046.96,2111825.08,2214.95,POINT (525046.96 2111825.08)
0.0,Quaternary_volcanic,525046.96,2111825.08,2214.95,POINT (525046.96 2111825.08)
0.0,Quaternary_Pyro2,525039.61,2111825.08,1821.24,POINT (525039.61 2111825.08)
0.0,Quaternary_Pyro2,525039.61,2111825.08,1821.24,POINT (525039.61 2111825.08)
0.0,Quaternary_alluvial,525017.73,2111825.08,2268.86,POINT (525017.73 2111825.08)
0.0,Quaternary_alluvial,525017.73,2111825.08,2268.86,POINT (525017.73 2111825.08)
,F12,524974.24,2111825.08,2494.0,POINT (524974.24 2111825.08)
0.0,Neogene_Volcanic,502794.85,2106825.08,1949.64,POINT (502794.85 2106825.08)
0.0,Quaternary_volcanic,502794.85,2106825.08,2429.2,POINT (502794.85 2106825.08)
0.0,Quaternary_volcanic,502794.85,2106825.08,2429.2,POINT (502794.85 2106825.08)
0.0,Paleogene_Volcanic,502794.85,2106825.08,1515.28,POINT (502794.85 2106825.08)
0.0,Cretaceous_limestone,502794.85,2106825.08,-1000.0,POINT (502794.85 2106825.08)
0.0,Neogene_Volcanic,502794.85,2106825.08,1949.64,POINT (502794.85 2106825.08)
0.0,Cretaceous_limestone,502794.85,2106825.08,-1000.0,POINT (502794.85 2106825.08)
0.0,Quaternary_volcanic,503030.88,2106825.08,2429.2,POINT (503030.88 2106825.08)
0.0,Neogene_Volcanic,503030.88,2106825.08,1949.64,POINT (503030.88 2106825.08)
0.0,Paleogene_Volcanic,503030.88,2106825.08,1515.28,POINT (503030.88 2106825.08)
0.0,Paleogene_Volcanic,502794.85,2106825.08,1515.28,POINT (502794.85 2106825.08)
0.0,Neogene_pyro,500002.39,2111825.08,1895.7,POINT (500002.39 2111825.08)
0.0,Quaternary_Pyro2,502423.33,2111825.08,1895.7,POINT (502423.33 2111825.08)
0.0,Quaternary_Pyro2,500794.85,2111825.08,2276.7,POINT (500794.85 2111825.08)
0.0,Quaternary_volcanic,502794.85,2111825.08,2276.7,POINT (502794.85 2111825.08)
0.0,Cretaceous_limestone,502794.85,2111825.08,-1700.0,POINT (502794.85 2111825.08)
0.0,Paleogene_Volcanic,502794.85,2111825.08,505.97,POINT (502794.85 2111825.08)
0.0,Neogene_pyro,501318.86,2111825.08,1895.7,POINT (501318.86 2111825.08)
0.0,Neogene_pyro,501386.64,2111825.08,1903.97,POINT (501386.64 2111825.08)
0.0,Quaternary_Pyro2,501399.77,2111825.08,1895.7,POINT (501399.77 2111825.08)
0.0,Quaternary_Pyro2,517573.94,2106825.08,1626.14,POINT (517573.94 2106825.08)
0.0,Quaternary_volcanic,507253.76,2106825.08,2245.0,POINT (507253.76 2106825.08)
0.0,Quaternary_volcanic,510875.67,2106825.08,2087.01,POINT (510875.67 2106825.08)
0.0,Quaternary_volcanic,505638.14,2106825.08,2315.47,POINT (505638.14 2106825.08)
0.0,Quaternary_Pyro2,517938.68,2106825.08,1626.14,POINT (517938.68 2106825.08)
0.0,Quaternary_volcanic,517573.94,2106825.08,1626.14,POINT (517573.94 2106825.08)
0.0,Quaternary_volcanic,504746.49,2111825.08,2276.7,POINT (504746.49 2111825.08)
0.0,Quaternary_volcanic,514456.07,2111825.08,2171.24,POINT (514456.07 2111825.08)
0.0,Quaternary_Pyro2,511113.69,2111825.08,1895.7,POINT (511113.69 2111825.08)
0.0,Neogene_Volcanic,511117.07,2111825.08,1228.95,POINT (511117.07 2111825.08)
0.0,Paleogene_Volcanic,502794.85,2111825.08,505.97,POINT (502794.85 2111825.08)
0.0,Quaternary_Pyro2,502794.85,2111825.08,1895.7,POINT (502794.85 2111825.08)
0.0,Cretaceous_limestone,502794.85,2111825.08,-1700.0,POINT (502794.85 2111825.08)
0.0,Quaternary_Pyro2,502794.85,2111825.08,1895.7,POINT (502794.85 2111825.08)
0.0,Neogene_Volcanic,504539.33,2111825.08,1228.95,POINT (504539.33 2111825.08)
0.0,Quaternary_volcanic,502794.85,2111825.08,2276.7,POINT (502794.85 2111825.08)
0.0,Quaternary_volcanic,503679.33,2111825.08,2276.7,POINT (503679.33 2111825.08)
0.0,Quaternary_Pyro2,501800.77,2116825.08,884.26,POINT (501800.77 2116825.08)
0.0,Quaternary_volcanic,502794.85,2116825.08,1439.89,POINT (502794.85 2116825.08)
0.0,Paleogene_Volcanic,502794.85,2116825.08,-1300.0,POINT (502794.85 2116825.08)
0.0,Quaternary_volcanic,506021.72,2111825.08,2276.7,POINT (506021.72 2111825.08)
0.0,Paleogene_Volcanic,511120.74,2111825.08,505.97,POINT (511120.74 2111825.08)
0.0,Quaternary_volcanic,512362.17,2111825.08,2211.7,POINT (512362.17 2111825.08)
0.0,Quaternary_Pyro2,512074.25,2111825.08,1875.88,POINT (512074.25 2111825.08)
0.0,Quaternary_volcanic,511756.24,2111825.08,2223.41,POINT (511756.24 2111825.08)
0.0,Paleogene_Volcanic,515308.13,2116825.08,48.77,POINT (515308.13 2116825.08)
0.0,Quaternary_volcanic,517976.7,2116825.08,1777.08,POINT (517976.7 2116825.08)
0.0,Quaternary_Pyro2,509909.4,2116825.08,1145.87,POINT (509909.4 2116825.08)
0.0,Neogene_Volcanic,515316.61,2116825.08,972.58,POINT (515316.61 2116825.08)
0.0,Paleogene_Volcanic,506316.84,2116825.08,-968.61,POINT (506316.84 2116825.08)
0.0,Paleogene_Volcanic,502794.85,2116825.08,-1300.0,POINT (502794.85 2116825.08)
0.0,Neogene_Volcanic,502794.85,2116825.08,-579.22,POINT (502794.85 2116825.08)
0.0,Cretaceous_limestone,502794.85,2116825.08,-1800.0,POINT (502794.85 2116825.08)
0.0,Quaternary_volcanic,500781.26,2116825.08,1439.89,POINT (500781.26 2116825.08)
0.0,Quaternary_Pyro2,500794.85,2116825.08,1439.89,POINT (500794.85 2116825.08)
0.0,Paleogene_Volcanic,503388.1,2116825.08,-1300.0,POINT (503388.1 2116825.08)
0.0,Neogene_Volcanic,503388.1,2116825.08,-579.22,POINT (503388.1 2116825.08)
0.0,Quaternary_Pyro2,503388.1,2116825.08,884.26,POINT (503388.1 2116825.08)
0.0,Quaternary_volcanic,503388.1,2116825.08,1439.89,POINT (503388.1 2116825.08)
0.0,Quaternary_Pyro2,504082.63,2116825.08,912.12,POINT (504082.63 2116825.08)
0.0,Quaternary_volcanic,504531.61,2116825.08,1466.32,POINT (504531.61 2116825.08)
0.0,Neogene_pyro,501657.15,2116825.08,884.26,POINT (501657.15 2116825.08)
0.0,Neogene_pyro,501772.28,2116825.08,899.99,POINT (501772.28 2116825.08)
0.0,Quaternary_Pyro2,502794.85,2116825.08,884.26,POINT (502794.85 2116825.08)
0.0,Neogene_Volcanic,502794.85,2116825.08,-579.22,POINT (502794.85 2116825.08)
0.0,Quaternary_Pyro2,502794.85,2116825.08,884.26,POINT (502794.85 2116825.08)
0.0,Cretaceous_limestone,502794.85,2116825.08,-1800.0,POINT (502794.85 2116825.08)
0.0,Quaternary_volcanic,502794.85,2116825.08,1439.89,POINT (502794.85 2116825.08)
0.0,Paleogene_Volcanic,500056.47,2121825.08,-1236.14,POINT (500056.47 2121825.08)
0.0,Paleogene_Volcanic,502376.48,2121825.08,-1236.14,POINT (502376.48 2121825.08)
,Quaternary_alluvial,513774.9434000002,2120222.454399999,2321.0,POINT (513774.9434000002 2120222.454399999)
,Quaternary_alluvial,513632.47559999954,2121477.3025,2294.0,POINT (513632.47559999954 2121477.3025)
0.0,Neogene_pyro,504928.52,2121825.08,1002.24,POINT (504928.52 2121825.08)
0.0,Neogene_pyro,504941.05,2121825.08,1013.89,POINT (504941.05 2121825.08)
0.0,Quaternary_Pyro2,504967.65,2121825.08,1002.24,POINT (504967.65 2121825.08)
0.0,Quaternary_alluvial,512752.95,2121825.08,2295.61,POINT (512752.95 2121825.08)
0.0,Quaternary_alluvial,513105.56,2121825.08,1981.8,POINT (513105.56 2121825.08)
0.0,Paleogene_Volcanic,514273.25,2121825.08,-54.06,POINT (514273.25 2121825.08)
0.0,Neogene_Volcanic,506162.99,2121825.08,-39.57,POINT (506162.99 2121825.08)
0.0,Quaternary_volcanic,506214.16,2121825.08,1515.92,POINT (506214.16 2121825.08)
0.0,Quaternary_volcanic,502376.48,2121825.08,1515.92,POINT (502376.48 2121825.08)
0.0,Quaternary_Pyro2,503794.85,2121825.08,1515.92,POINT (503794.85 2121825.08)
0.0,Neogene_pyro,502376.48,2121825.08,1002.24,POINT (502376.48 2121825.08)
0.0,Neogene_Volcanic,502794.85,2121825.08,-412.0,POINT (502794.85 2121825.08)
0.0,Quaternary_volcanic,501637.2,2121825.08,1515.92,POINT (501637.2 2121825.08)
0.0,Neogene_Volcanic,502376.48,2121825.08,-458.26,POINT (502376.48 2121825.08)
0.0,Neogene_Volcanic,502794.85,2121825.08,-412.0,POINT (502794.85 2121825.08)
0.0,Cretaceous_limestone,502794.85,2121825.08,-1499.86,POINT (502794.85 2121825.08)
0.0,Paleogene_Volcanic,502794.85,2121825.08,-1194.57,POINT (502794.85 2121825.08)
0.0,Quaternary_volcanic,502794.85,2121825.08,1515.92,POINT (502794.85 2121825.08)
0.0,Quaternary_Pyro2,514813.13,2121825.08,1117.84,POINT (514813.13 2121825.08)
0.0,Quaternary_volcanic,515256.32,2121825.08,1580.85,POINT (515256.32 2121825.08)
0.0,Paleogene_Volcanic,515308.13,2121825.08,48.77,POINT (515308.13 2121825.08)
0.0,Neogene_Volcanic,515316.61,2121825.08,972.58,POINT (515316.61 2121825.08)
0.0,Quaternary_Pyro2,510844.37,2121825.08,1002.24,POINT (510844.37 2121825.08)
0.0,Neogene_Volcanic,513199.17,2121825.08,738.45,POINT (513199.17 2121825.08)
0.0,Quaternary_alluvial,513335.06,2121825.08,1987.26,POINT (513335.06 2121825.08)
0.0,Quaternary_Pyro2,513389.65,2121825.08,1002.24,POINT (513389.65 2121825.08)
0.0,Quaternary_alluvial,513661.19,2121825.08,1995.03,POINT (513661.19 2121825.08)
0.0,Quaternary_alluvial,513852.05,2121825.08,2294.63,POINT (513852.05 2121825.08)
0.0,Quaternary_alluvial,524972.74,2111825.08,2270.31,POINT (524972.74 2111825.08)
0.0,Quaternary_volcanic,524929.97,2111825.08,2186.15,POINT (524929.97 2111825.08)
0.0,Quaternary_volcanic,525237.25,2111825.08,2261.78,POINT (525237.25 2111825.08)
0.0,Quaternary_Pyro2,529829.1,2111825.08,2471.46,POINT (529829.1 2111825.08)
0.0,Quaternary_alluvial,524752.01,2111825.08,2277.43,POINT (524752.01 2111825.08)
0.0,Quaternary_Pyro2,524706.04,2111825.08,1745.53,POINT (524706.04 2111825.08)
0.0,Quaternary_volcanic,524673.55,2111825.08,2123.05,POINT (524673.55 2111825.08)
0.0,Quaternary_alluvial,524581.08,2111825.08,2282.94,POINT (524581.08 2111825.08)
,Quaternary_Pyro2,529365.9276,2112248.702299999,2677.0,POINT (529365.9276 2112248.702299999)
,Quaternary_alluvial,525499.7070000004,2112545.478700001,2496.0,POINT (525499.7070000004 2112545.478700001)
0.0,Quaternary_Pyro2,529860.88,2113160.08,2719.25,POINT (529860.88 2113160.08)
0.0,Quaternary_Pyro2,529860.88,2113248.63,2522.52,POINT (529860.88 2113248.63)
0.0,Quaternary_Pyro2,529860.88,2113391.51,2411.39,POINT (529860.88 2113391.51)
,Quaternary_alluvial,526095.8739,2113424.042199999,2500.0,POINT (526095.8739 2113424.042199999)
0.0,Quaternary_Pyro2,529860.88,2113566.13,2403.45,POINT (529860.88 2113566.13)
0.0,Quaternary_Pyro2,529860.88,2113740.76,2419.33,POINT (529860.88 2113740.76)
0.0,Quaternary_Pyro2,529860.88,2113915.38,2451.08,POINT (529860.88 2113915.38)
0.0,Quaternary_Pyro2,529860.88,2114050.32,2570.14,POINT (529860.88 2114050.32)
0.0,Quaternary_Pyro2,529860.88,2114065.68,2753.68,POINT (529860.88 2114065.68)
,Quaternary_alluvial,525494.1127000004,2114068.0796000008,2488.0,POINT (525494.1127000004 2114068.0796000008)
0.0,Cretaceous_limestone,524252.98,2111825.08,-1700.0,POINT (524252.98 2111825.08)
0.0,Cretaceous_limestone,524252.98,2111825.08,-1700.0,POINT (524252.98 2111825.08)
0.0,Neogene_Volcanic,524344.56,2111825.08,1034.26,POINT (524344.56 2111825.08)
,Quaternary_alluvial,522462.3344999999,2112663.939,2478.0,POINT (522462.3344999999 2112663.939)
,Quaternary_alluvial,521243.79569999967,2115301.8011000007,2448.0,POINT (521243.79569999967 2115301.8011000007)
0.0,Quaternary_Pyro2,521902.79,2116825.08,1627.01,POINT (521902.79 2116825.08)
0.0,Quaternary_volcanic,519203.93,2116825.08,1827.08,POINT (519203.93 2116825.08)
0.0,Quaternary_volcanic,521551.75,2116825.08,1922.75,POINT (521551.75 2116825.08)
0.0,Quaternary_alluvial,521745.69,2116825.08,2468.82,POINT (521745.69 2116825.08)
0.0,Quaternary_volcanic,522294.91,2116825.08,1953.03,POINT (522294.91 2116825.08)
0.0,Neogene_Volcanic,529860.88,2111825.08,1071.95,POINT (529860.88 2111825.08)
0.0,Paleogene_Volcanic,529860.88,2111825.08,-2.66,POINT (529860.88 2111825.08)
0.0,Paleogene_Volcanic,534879.09,2111825.08,-20.39,POINT (534879.09 2111825.08)
0.0,Neogene_Volcanic,534813.46,2111825.08,1105.78,POINT (534813.46 2111825.08)
,Quaternary_Pyro2,531611.1478000004,2111891.4768000003,2882.0,POINT (531611.1478000004 2111891.4768000003)
0.0,Quaternary_Pyro2,529860.88,2112170.08,2800.76,POINT (529860.88 2112170.08)
,Quaternary_Pyro2,530330.5942000002,2114043.8381,2789.0,POINT (530330.5942000002 2114043.8381)
0.0,Paleogene_Volcanic,529860.88,2116825.08,-2.66,POINT (529860.88 2116825.08)
0.0,Neogene_Volcanic,534813.46,2116825.08,1105.78,POINT (534813.46 2116825.08)
,Quaternary_Pyro2,528186.5275999997,2114143.5188,2589.0,POINT (528186.5275999997 2114143.5188)
,Quaternary_alluvial,527282.3296999997,2114828.395,2548.0,POINT (527282.3296999997 2114828.395)
,Quaternary_Pyro2,527282.3296999997,2114828.395,2548.0,POINT (527282.3296999997 2114828.395)
,Quaternary_alluvial,526665.2536000004,2114938.9737,2530.0,POINT (526665.2536000004 2114938.9737)
,Quaternary_alluvial,527833.3399999999,2115480.067500001,2581.0,POINT (527833.3399999999 2115480.067500001)
,Quaternary_alluvial,526063.9775,2116139.065199999,2497.0,POINT (526063.9775 2116139.065199999)
0.0,Quaternary_Pyro2,525996.92,2116825.08,2251.76,POINT (525996.92 2116825.08)
0.0,Quaternary_Pyro2,525999.54,2116825.08,2253.36,POINT (525999.54 2116825.08)
0.0,Quaternary_alluvial,526003.64,2116825.08,2253.38,POINT (526003.64 2116825.08)
0.0,Quaternary_alluvial,526441.9,2116825.08,2499.94,POINT (526441.9 2116825.08)
0.0,Quaternary_volcanic,524510.23,2116825.08,2246.8,POINT (524510.23 2116825.08)
0.0,Neogene_Volcanic,529860.88,2116825.08,1071.95,POINT (529860.88 2116825.08)
0.0,Neogene_Volcanic,529860.88,2116825.08,1071.95,POINT (529860.88 2116825.08)
0.0,Paleogene_Volcanic,529860.88,2116825.08,-2.66,POINT (529860.88 2116825.08)
0.0,Cretaceous_limestone,529860.88,2116825.08,-1800.0,POINT (529860.88 2116825.08)
0.0,Cretaceous_limestone,529860.88,2116825.08,-1800.0,POINT (529860.88 2116825.08)
0.0,Quaternary_Pyro2,524804.55,2116825.08,1963.35,POINT (524804.55 2116825.08)
0.0,Quaternary_alluvial,525837.0,2116825.08,2252.65,POINT (525837 2116825.08)
,Quaternary_alluvial,527129.2936000004,2117329.8928999994,2571.0,POINT (527129.2936000004 2117329.8928999994)
,Quaternary_alluvial,525647.5676999995,2117613.9846,2497.0,POINT (525647.5676999995 2117613.9846)
0.0,Paleogene_Volcanic,534879.09,2116825.08,-20.39,POINT (534879.09 2116825.08)
0.0,Paleogene_Volcanic,538058.93,2116825.08,-31.63,POINT (538058.93 2116825.08)
0.0,Paleogene_Volcanic,529860.88,2119950.16,-2.66,POINT (529860.88 2119950.16)
0.0,Neogene_Volcanic,529860.88,2119965.18,1071.95,POINT (529860.88 2119965.18)
0.0,Cretaceous_limestone,529860.88,2121692.64,-1507.81,POINT (529860.88 2121692.64)
0.0,Paleogene_Volcanic,529860.88,2121753.55,-2.66,POINT (529860.88 2121753.55)
0.0,Neogene_Volcanic,529860.88,2121797.03,1071.95,POINT (529860.88 2121797.03)
0.0,Quaternary_alluvial,522198.2,2116825.08,2236.62,POINT (522198.2 2116825.08)
0.0,Quaternary_volcanic,523650.9,2116825.08,2052.25,POINT (523650.9 2116825.08)
0.0,Quaternary_alluvial,524510.23,2116825.08,2246.8,POINT (524510.23 2116825.08)
,Quaternary_alluvial,522128.27329999954,2117407.9022000004,2480.0,POINT (522128.27329999954 2117407.9022000004)
,Quaternary_alluvial,523216.7174000004,2118142.7924000006,2479.0,POINT (523216.7174000004 2118142.7924000006)
,Quaternary_alluvial,521897.6217999999,2118259.1822,2493.0,POINT (521897.6217999999 2118259.1822)
,Quaternary_alluvial,523399.4637000002,2119406.9607,2500.0,POINT (523399.4637000002 2119406.9607)
,Quaternary_alluvial,523444.6365999999,2120656.7057000007,2485.0,POINT (523444.6365999999 2120656.7057000007)
,Quaternary_alluvial,522668.6074000001,2121518.2349,2513.0,POINT (522668.6074000001 2121518.2349)
0.0,Quaternary_Pyro2,522674.64,2121825.08,1655.39,POINT (522674.64 2121825.08)
,Quaternary_alluvial,525996.3413000004,2118622.1943,2558.0,POINT (525996.3413000004 2118622.1943)
0.0,Cretaceous_limestone,529860.88,2119727.46,-1625.78,POINT (529860.88 2119727.46)
0.0,Paleogene_Volcanic,529860.88,2119750.14,-2.66,POINT (529860.88 2119750.14)
0.0,Neogene_Volcanic,529860.88,2119765.16,1071.95,POINT (529860.88 2119765.16)
,F11,529860.88,2119892.11,3000.0,POINT (529860.88 2119892.11)
0.0,Cretaceous_limestone,529860.88,2119927.65,-1613.76,POINT (529860.88 2119927.65)
,Quaternary_alluvial,525570.3499999996,2121761.7606000006,2497.0,POINT (525570.3499999996 2121761.7606000006)
0.0,Quaternary_Pyro2,525642.54,2121825.08,2499.73,POINT (525642.54 2121825.08)
0.0,Quaternary_alluvial,525642.54,2121825.08,2499.73,POINT (525642.54 2121825.08)
0.0,Quaternary_alluvial,525400.32,2121825.08,2348.36,POINT (525400.32 2121825.08)
0.0,Paleogene_Volcanic,533262.5,2121825.08,-14.68,POINT (533262.5 2121825.08)
0.0,Cretaceous_limestone,537500.34,2121825.08,-1499.86,POINT (537500.34 2121825.08)
0.0,Cretaceous_limestone,537245.2,2121825.08,-1499.86,POINT (537245.2 2121825.08)
0.0,Paleogene_Volcanic,536332.56,2121825.08,-25.53,POINT (536332.56 2121825.08)
0.0,Neogene_Volcanic,533114.18,2121825.08,1094.17,POINT (533114.18 2121825.08)
0.0,Neogene_Volcanic,533114.18,2121825.08,1094.17,POINT (533114.18 2121825.08)
,XoF,533254.09,2121825.08,3700.0,POINT (533254.09 2121825.08)
0.0,Paleogene_Volcanic,536076.7,2121825.08,-24.63,POINT (536076.7 2121825.08)
0.0,Cretaceous_limestone,533344.74,2121825.08,-1499.86,POINT (533344.74 2121825.08)
0.0,Cretaceous_limestone,533344.74,2121825.08,-1499.86,POINT (533344.74 2121825.08)
0.0,Quaternary_volcanic,522746.79,2121825.08,2239.18,POINT (522746.79 2121825.08)
0.0,Quaternary_volcanic,523044.64,2121825.08,2488.32,POINT (523044.64 2121825.08)
0.0,Quaternary_alluvial,523044.64,2121825.08,2488.32,POINT (523044.64 2121825.08)
0.0,Quaternary_alluvial,523177.82,2121825.08,2348.36,POINT (523177.82 2121825.08)
0.0,Quaternary_alluvial,523887.84,2121825.08,2348.36,POINT (523887.84 2121825.08)
0.0,Quaternary_Pyro2,524045.76,2121825.08,1910.61,POINT (524045.76 2121825.08)
0.0,Quaternary_Pyro2,518599.97,2121825.08,1425.36,POINT (518599.97 2121825.08)
0.0,Quaternary_volcanic,519159.29,2121825.08,1803.32,POINT (519159.29 2121825.08)
0.0,Quaternary_Pyro2,520405.09,2121825.08,1571.95,POINT (520405.09 2121825.08)
0.0,Quaternary_volcanic,520936.28,2121825.08,2138.6,POINT (520936.28 2121825.08)
0.0,Quaternary_volcanic,521841.54,2121825.08,2138.6,POINT (521841.54 2121825.08)
0.0,Quaternary_alluvial,524431.1,2121825.08,2348.36,POINT (524431.1 2121825.08)
0.0,Quaternary_Pyro2,521902.79,2121825.08,1627.01,POINT (521902.79 2121825.08)
0.0,Quaternary_Pyro2,518269.3,2121825.08,1398.51,POINT (518269.3 2121825.08)
,Quaternary_alluvial,523300.8010999998,2122256.5210999995,2485.0,POINT (523300.8010999998 2122256.5210999995)
,Quaternary_alluvial,524291.5765000004,2122321.0777000003,2458.0,POINT (524291.5765000004 2122321.0777000003)
,Quaternary_alluvial,522795.54569999967,2123252.0722000003,2436.0,POINT (522795.54569999967 2123252.0722000003)
,Quaternary_alluvial,523254.87480000034,2123596.9441,2433.0,POINT (523254.87480000034 2123596.9441)
,Quaternary_alluvial,521444.9771999996,2123770.2827000003,2383.0,POINT (521444.9771999996 2123770.2827000003)
,Quaternary_volcanic,521444.9771999996,2123770.2827000003,2383.0,POINT (521444.9771999996 2123770.2827000003)
0.0,Neogene_pyro,502794.85,2121825.08,1002.24,POINT (502794.85 2121825.08)
0.0,Neogene_pyro,502794.85,2121825.08,1002.24,POINT (502794.85 2121825.08)
0.0,Cretaceous_limestone,502794.85,2121825.08,-1499.86,POINT (502794.85 2121825.08)
0.0,Quaternary_volcanic,502794.85,2121825.08,1515.92,POINT (502794.85 2121825.08)
0.0,Paleogene_Volcanic,502794.85,2121825.08,-1194.57,POINT (502794.85 2121825.08)
,Quaternary_alluvial,504582.2845999999,2123228.505999999,2294.0,POINT (504582.2845999999 2123228.505999999)
,Quaternary_alluvial,502438.3876999999,2123288.153999999,2296.0,POINT (502438.3876999999 2123288.153999999)
,Quaternary_alluvial,501788.5422,2124161.9662999995,2283.0,POINT (501788.5422 2124161.9662999995)
,Quaternary_alluvial,502824.22559999954,2124379.6417999994,2274.0,POINT (502824.22559999954 2124379.6417999994)
,Quaternary_alluvial,500444.5493999999,2124481.2354000006,2288.0,POINT (500444.5493999999 2124481.2354000006)
0.0,Quaternary_volcanic,514117.25,2121825.08,1515.92,POINT (514117.25 2121825.08)
,Quaternary_alluvial,514685.4285000004,2122565.8883,2300.0,POINT (514685.4285000004 2122565.8883)
,Quaternary_alluvial,511516.6423000004,2122823.111300001,2291.0,POINT (511516.6423000004 2122823.111300001)
,Quaternary_alluvial,512192.9184999997,2122898.0735,2284.0,POINT (512192.9184999997 2122898.0735)
,Quaternary_alluvial,509595.2057999997,2123285.9464,2285.0,POINT (509595.2057999997 2123285.9464)
,Quaternary_alluvial,510822.8400999997,2123693.6822999995,2275.0,POINT (510822.8400999997 2123693.6822999995)
,Quaternary_alluvial,508595.2933999999,2123953.6196,2269.0,POINT (508595.2933999999 2123953.6196)
,Quaternary_Lac,509556.6508,2124580.302100001,2250.0,POINT (509556.6508 2124580.302100001)
,Quaternary_Lac,512533.2193,2125016.8654999994,2250.0,POINT (512533.2193 2125016.8654999994)
,Quaternary_alluvial,516867.6815999998,2125179.3947,2299.0,POINT (516867.6815999998 2125179.3947)
,Quaternary_volcanic,520918.8585000001,2123910.739499999,2360.0,POINT (520918.8585000001 2123910.739499999)
,Quaternary_alluvial,518986.1952,2124117.104699999,2333.0,POINT (518986.1952 2124117.104699999)
,Quaternary_alluvial,523738.2210999997,2124191.6169000007,2491.0,POINT (523738.2210999997 2124191.6169000007)
,Quaternary_Pyro2,522485.7936000005,2124329.179300001,2434.0,POINT (522485.7936000005 2124329.179300001)
,Quaternary_alluvial,522485.7936000005,2124329.179300001,2434.0,POINT (522485.7936000005 2124329.179300001)
,Quaternary_alluvial,519821.0197999999,2124559.6006000005,2316.0,POINT (519821.0197999999 2124559.6006000005)
,Quaternary_volcanic,519821.0197999999,2124559.6006000005,2316.0,POINT (519821.0197999999 2124559.6006000005)
,Quaternary_volcanic,521197.5789999999,2124905.7562000006,2369.0,POINT (521197.5789999999 2124905.7562000006)
,Quaternary_Pyro2,523041.67119999975,2125296.3373000007,2455.0,POINT (523041.67119999975 2125296.3373000007)
,Quaternary_alluvial,519346.4748,2125925.875499999,2294.0,POINT (519346.4748 2125925.875499999)
,Quaternary_Lac,503606.2991000004,2125338.8621,2255.0,POINT (503606.2991000004 2125338.8621)
,Quaternary_alluvial,500548.4002,2126217.1532000005,2281.0,POINT (500548.4002 2126217.1532000005)
0.0,Quaternary_alluvial,500240.93,2126825.08,2037.11,POINT (500240.93 2126825.08)
0.0,Neogene_pyro,502604.51,2126825.08,1545.31,POINT (502604.51 2126825.08)
0.0,Quaternary_volcanic,502661.09,2126825.08,1834.85,POINT (502661.09 2126825.08)
0.0,Cretaceous_limestone,502794.85,2126825.08,-1000.0,POINT (502794.85 2126825.08)
0.0,Neogene_Volcanic,502794.85,2126825.08,1026.62,POINT (502794.85 2126825.08)
0.0,Paleogene_Volcanic,502794.85,2126825.08,566.43,POINT (502794.85 2126825.08)
0.0,Neogene_Volcanic,502794.85,2126825.08,1026.62,POINT (502794.85 2126825.08)
0.0,Quaternary_volcanic,501511.52,2126825.08,1834.85,POINT (501511.52 2126825.08)
,Quaternary_alluvial,515149.7271999996,2125942.9132000003,2280.0,POINT (515149.7271999996 2125942.9132000003)
,Quaternary_alluvial,514463.6316,2126338.2338,2292.0,POINT (514463.6316 2126338.2338)
,Quaternary_alluvial,513591.9018000001,2126522.6381,2273.0,POINT (513591.9018000001 2126522.6381)
0.0,Quaternary_Pyro2,511556.28,2126825.08,1599.37,POINT (511556.28 2126825.08)
0.0,Quaternary_volcanic,511580.46,2126825.08,1834.85,POINT (511580.46 2126825.08)
0.0,Quaternary_Lac,512844.18,2126825.08,2106.1,POINT (512844.18 2126825.08)
0.0,Neogene_Volcanic,512861.56,2126825.08,983.17,POINT (512861.56 2126825.08)
0.0,Quaternary_Lac,513064.85,2126825.08,2249.13,POINT (513064.85 2126825.08)
0.0,Quaternary_Pyro2,511556.28,2126825.08,1599.37,POINT (511556.28 2126825.08)
0.0,Quaternary_alluvial,505159.07,2126825.08,2037.11,POINT (505159.07 2126825.08)
,Quaternary_alluvial,518291.7724000001,2125982.0452,2294.0,POINT (518291.7724000001 2125982.0452)
0.0,Quaternary_volcanic,518939.19,2126825.08,1834.85,POINT (518939.19 2126825.08)
0.0,Quaternary_Pyro2,518926.13,2126825.08,1622.12,POINT (518926.13 2126825.08)
0.0,Quaternary_alluvial,519947.14,2126825.08,2298.96,POINT (519947.14 2126825.08)
0.0,Quaternary_alluvial,518835.11,2126825.08,2057.23,POINT (518835.11 2126825.08)
0.0,Quaternary_Pyro2,519844.4,2126825.08,1834.85,POINT (519844.4 2126825.08)
0.0,Quaternary_Pyro2,520736.65,2126825.08,2041.56,POINT (520736.65 2126825.08)
0.0,Quaternary_Pyro2,521725.73,2126825.08,2024.79,POINT (521725.73 2126825.08)
0.0,Quaternary_alluvial,519587.62,2126825.08,2205.65,POINT (519587.62 2126825.08)
0.0,Quaternary_alluvial,519477.85,2126825.08,2177.16,POINT (519477.85 2126825.08)
0.0,Neogene_pyro,502794.85,2126825.08,1546.46,POINT (502794.85 2126825.08)
0.0,Quaternary_volcanic,502794.85,2126825.08,1834.85,POINT (502794.85 2126825.08)
0.0,Paleogene_Volcanic,501448.56,2126825.08,622.12,POINT (501448.56 2126825.08)
0.0,Quaternary_Lac,501850.72,2126825.08,2106.1,POINT (501850.72 2126825.08)
0.0,Paleogene_Volcanic,500899.04,2126825.08,644.85,POINT (500899.04 2126825.08)
0.0,Neogene_Volcanic,500887.7,2126825.08,1034.85,POINT (500887.7 2126825.08)
0.0,Quaternary_alluvial,502794.85,2126825.08,2037.11,POINT (502794.85 2126825.08)
0.0,Neogene_pyro,502794.85,2126825.08,1546.46,POINT (502794.85 2126825.08)
0.0,Quaternary_alluvial,502794.85,2126825.08,2037.11,POINT (502794.85 2126825.08)
0.0,Cretaceous_limestone,502794.85,2126825.08,-1000.0,POINT (502794.85 2126825.08)
0.0,Quaternary_alluvial,505420.71,2126825.08,2037.11,POINT (505420.71 2126825.08)
0.0,Quaternary_alluvial,513361.64,2126825.08,2037.11,POINT (513361.64 2126825.08)
0.0,Quaternary_volcanic,505597.32,2126825.08,1834.85,POINT (505597.32 2126825.08)
0.0,Quaternary_Pyro2,506268.51,2126825.08,1834.85,POINT (506268.51 2126825.08)
0.0,Neogene_pyro,506825.65,2126825.08,1588.09,POINT (506825.65 2126825.08)
0.0,Quaternary_Pyro2,506864.15,2126825.08,1571.04,POINT (506864.15 2126825.08)
0.0,Quaternary_alluvial,513752.13,2126825.08,2290.04,POINT (513752.13 2126825.08)
0.0,Quaternary_alluvial,507178.91,2126825.08,2037.11,POINT (507178.91 2126825.08)
0.0,Neogene_Volcanic,508759.17,2126825.08,1000.88,POINT (508759.17 2126825.08)
0.0,Quaternary_Pyro2,509136.13,2126825.08,1584.76,POINT (509136.13 2126825.08)
0.0,Neogene_Volcanic,535433.12,2121825.08,1110.02,POINT (535433.12 2121825.08)
0.0,Neogene_Volcanic,534813.46,2121825.08,1105.78,POINT (534813.46 2121825.08)
0.0,Neogene_Volcanic,535179.36,2121825.08,1108.28,POINT (535179.36 2121825.08)
0.0,Paleogene_Volcanic,534879.09,2121825.08,-20.39,POINT (534879.09 2121825.08)
0.0,Paleogene_Volcanic,533262.5,2121825.08,-14.68,POINT (533262.5 2121825.08)
0.0,Cretaceous_limestone,529860.88,2121893.4,-1493.03,POINT (529860.88 2121893.4)
0.0,Paleogene_Volcanic,529860.88,2121953.71,-2.66,POINT (529860.88 2121953.71)
,XoF,529860.88,2121983.24,3200.0,POINT (529860.88 2121983.24)
0.0,Neogene_Volcanic,529860.88,2121997.2,1071.95,POINT (529860.88 2121997.2)
0.0,Cretaceous_limestone,529860.88,2125635.69,-1118.91,POINT (529860.88 2125635.69)
0.0,Paleogene_Volcanic,529860.88,2125672.55,-2.66,POINT (529860.88 2125672.55)
0.0,Neogene_Volcanic,529860.88,2125708.03,1071.95,POINT (529860.88 2125708.03)
0.0,Cretaceous_limestone,529860.88,2125836.47,-1098.83,POINT (529860.88 2125836.47)
0.0,Paleogene_Volcanic,529860.88,2125872.66,-2.66,POINT (529860.88 2125872.66)
,XiF,529860.88,2125881.65,3300.0,POINT (529860.88 2125881.65)
0.0,Neogene_Volcanic,529860.88,2125908.14,1071.95,POINT (529860.88 2125908.14)
0.0,Quaternary_Pyro2,525336.93,2121825.08,1995.28,POINT (525336.93 2121825.08)
0.0,Quaternary_Pyro2,524786.6,2121825.08,1995.28,POINT (524786.6 2121825.08)
,Quaternary_alluvial,525409.1451000003,2123724.3363000005,2541.0,POINT (525409.1451000003 2123724.3363000005)
,Quaternary_Pyro2,524912.0857999995,2125929.4078,2611.0,POINT (524912.0857999995 2125929.4078)
0.0,Quaternary_Pyro2,525212.64,2126825.08,2360.07,POINT (525212.64 2126825.08)
0.0,Quaternary_Pyro2,525642.54,2126825.08,2815.97,POINT (525642.54 2126825.08)
,Quaternary_Pyro2,525237.773216152,2127584.637435904,2758.0,POINT (525237.773216152 2127584.637435904)
0.0,Paleogene_Volcanic,531847.27,2126825.08,-9.68,POINT (531847.27 2126825.08)
0.0,Neogene_Volcanic,534813.46,2126825.08,1105.78,POINT (534813.46 2126825.08)
0.0,Neogene_Volcanic,529860.88,2126825.08,1071.95,POINT (529860.88 2126825.08)
0.0,Paleogene_Volcanic,529860.88,2126825.08,-2.66,POINT (529860.88 2126825.08)
0.0,Paleogene_Volcanic,529860.88,2126825.08,-2.66,POINT (529860.88 2126825.08)
0.0,Cretaceous_limestone,529860.88,2126825.08,-1000.0,POINT (529860.88 2126825.08)
0.0,Neogene_Volcanic,529860.88,2126825.08,1071.95,POINT (529860.88 2126825.08)
0.0,Cretaceous_limestone,529860.88,2126825.08,-1000.0,POINT (529860.88 2126825.08)
0.0,Paleogene_Volcanic,534879.09,2126825.08,-20.39,POINT (534879.09 2126825.08)
0.0,Quaternary_alluvial,509553.51,2126825.08,2037.11,POINT (509553.51 2126825.08)
0.0,Quaternary_Lac,511556.65,2126825.08,2106.1,POINT (511556.65 2126825.08)
0.0,Neogene_pyro,506798.33,2126825.08,1570.64,POINT (506798.33 2126825.08)
0.0,Quaternary_alluvial,514651.41,2126825.08,2293.76,POINT (514651.41 2126825.08)
0.0,Quaternary_alluvial,509929.22,2126825.08,2037.11,POINT (509929.22 2126825.08)
0.0,Quaternary_volcanic,510062.17,2126825.08,1834.85,POINT (510062.17 2126825.08)
0.0,Quaternary_alluvial,514879.14,2126825.08,2084.75,POINT (514879.14 2126825.08)
0.0,Cretaceous_limestone,511389.96,2126825.08,-1000.0,POINT (511389.96 2126825.08)
0.0,Cretaceous_limestone,511389.96,2126825.08,-1000.0,POINT (511389.96 2126825.08)
0.0,Paleogene_Volcanic,511421.25,2126825.08,209.56,POINT (511421.25 2126825.08)
0.0,Paleogene_Volcanic,515308.13,2126825.08,48.77,POINT (515308.13 2126825.08)
0.0,Quaternary_volcanic,511580.46,2126825.08,1834.85,POINT (511580.46 2126825.08)
0.0,Paleogene_Volcanic,511421.25,2126825.08,209.56,POINT (511421.25 2126825.08)
0.0,Neogene_Volcanic,511524.96,2126825.08,988.94,POINT (511524.96 2126825.08)
0.0,Neogene_Volcanic,515316.61,2126825.08,972.58,POINT (515316.61 2126825.08)
0.0,Quaternary_Pyro2,515322.57,2126825.08,1622.12,POINT (515322.57 2126825.08)
0.0,Quaternary_Pyro2,516329.5,2126825.08,1622.12,POINT (516329.5 2126825.08)
0.0,Quaternary_alluvial,516718.0,2126825.08,2045.07,POINT (516718 2126825.08)
0.0,Neogene_Volcanic,511524.96,2126825.08,988.94,POINT (511524.96 2126825.08)
0.0,Quaternary_alluvial,517348.6,2126825.08,2048.69,POINT (517348.6 2126825.08)
0.0,Quaternary_volcanic,519587.62,2126825.08,2205.65,POINT (519587.62 2126825.08)
0.0,Paleogene_Volcanic,519279.56,2126825.08,34.73,POINT (519279.56 2126825.08)
0.0,Quaternary_alluvial,519019.88,2126825.08,2058.3,POINT (519019.88 2126825.08)
0.0,Quaternary_Pyro2,521356.6,2126825.08,2031.05,POINT (521356.6 2126825.08)
0.0,Paleogene_Volcanic,524462.79,2126825.08,16.42,POINT (524462.79 2126825.08)
0.0,Quaternary_Pyro2,524144.35,2126825.08,2248.79,POINT (524144.35 2126825.08)
,Quaternary_alluvial,520159.04750000034,2127281.1468,2325.0,POINT (520159.04750000034 2127281.1468)
0.0,Paleogene_Volcanic,517466.78,2126825.08,41.14,POINT (517466.78 2126825.08)
0.0,Quaternary_alluvial,511556.65,2126825.08,2037.11,POINT (511556.65 2126825.08)
0.0,Quaternary_alluvial,511556.65,2126825.08,2037.11,POINT (511556.65 2126825.08)
0.0,Quaternary_Lac,511556.65,2126825.08,2106.1,POINT (511556.65 2126825.08)
0.0,Paleogene_Volcanic,512179.24,2126825.08,178.21,POINT (512179.24 2126825.08)
,Quaternary_alluvial,514865.96839999966,2127277.0196,2294.0,POINT (514865.96839999966 2127277.0196)
,Quaternary_Lac,513326.9709000001,2127556.8706,2249.0,POINT (513326.9709000001 2127556.8706)
0.0,Neogene_pyro,500873.17,2126825.08,1534.85,POINT (500873.17 2126825.08)
0.0,Quaternary_volcanic,500864.45,2126825.08,1834.85,POINT (500864.45 2126825.08)
0.0,Quaternary_volcanic,502794.85,2126825.08,1834.85,POINT (502794.85 2126825.08)
0.0,Paleogene_Volcanic,502794.85,2126825.08,566.43,POINT (502794.85 2126825.08)
0.0,Quaternary_Lac,501661.85,2126825.08,2249.62,POINT (501661.85 2126825.08)
0.0,Quaternary_alluvial,499963.26,2126825.08,2281.51,POINT (499963.26 2126825.08)
,Quaternary_Lac,500148.99827919534,2127584.637435901,2249.0,POINT (500148.99827919534 2127584.637435901)
0.0,Neogene_Volcanic,488638.52,2106825.08,1949.64,POINT (488638.52 2106825.08)
0.0,Quaternary_volcanic,488462.23,2106825.08,2429.2,POINT (488462.23 2106825.08)
0.0,Paleogene_Volcanic,488712.28,2106825.08,1515.28,POINT (488712.28 2106825.08)
0.0,Neogene_Volcanic,492461.89,2106825.08,1949.64,POINT (492461.89 2106825.08)
0.0,Quaternary_volcanic,492461.89,2106825.08,2429.2,POINT (492461.89 2106825.08)
0.0,Paleogene_Volcanic,492461.89,2106825.08,1515.28,POINT (492461.89 2106825.08)
0.0,Neogene_Volcanic,492633.02,2107506.19,1949.64,POINT (492633.02 2107506.19)
0.0,Quaternary_volcanic,492741.01,2107936.01,2429.2,POINT (492741.01 2107936.01)
0.0,Paleogene_Volcanic,498294.85,2106825.08,1515.28,POINT (498294.85 2106825.08)
0.0,Neogene_Volcanic,498294.85,2106825.08,1949.64,POINT (498294.85 2106825.08)
0.0,Cretaceous_limestone,498294.85,2106825.08,-1000.0,POINT (498294.85 2106825.08)
0.0,Paleogene_Volcanic,498294.85,2106825.08,1515.28,POINT (498294.85 2106825.08)
0.0,Neogene_Volcanic,498294.85,2106825.08,1949.64,POINT (498294.85 2106825.08)
0.0,Cretaceous_limestone,498294.85,2106825.08,-1000.0,POINT (498294.85 2106825.08)
0.0,Quaternary_volcanic,498294.85,2106825.08,2429.2,POINT (498294.85 2106825.08)
0.0,Quaternary_volcanic,498294.85,2106825.08,2429.2,POINT (498294.85 2106825.08)
0.0,Neogene_pyro,498294.85,2111825.08,1895.7,POINT (498294.85 2111825.08)
0.0,Cretaceous_limestone,498294.85,2111825.08,-1700.0,POINT (498294.85 2111825.08)
0.0,Quaternary_volcanic,492767.12,2108039.94,2429.2,POINT (492767.12 2108039.94)
0.0,Paleogene_Volcanic,493456.02,2110781.87,1515.28,POINT (493456.02 2110781.87)
0.0,Neogene_Volcanic,493459.88,2110797.27,1949.64,POINT (493459.88 2110797.27)
0.0,Quaternary_volcanic,493465.69,2110820.36,2429.2,POINT (493465.69 2110820.36)
0.0,Quaternary_volcanic,493520.78,2111039.64,2429.2,POINT (493520.78 2111039.64)
0.0,Neogene_Volcanic,493527.19,2111065.16,1949.64,POINT (493527.19 2111065.16)
0.0,Paleogene_Volcanic,493533.0,2111088.28,1515.28,POINT (493533 2111088.28)
0.0,F13,493535.81,2111099.47,3130.11,POINT (493535.81 2111099.47)
0.0,Cretaceous_limestone,493570.65,2111238.12,-1300.0,POINT (493570.65 2111238.12)
0.0,Quaternary_volcanic,493571.63,2111242.02,2276.7,POINT (493571.63 2111242.02)
0.0,Neogene_pyro,493576.72,2111262.3,1895.7,POINT (493576.72 2111262.3)
0.0,Neogene_Volcanic,493585.64,2111297.79,1228.95,POINT (493585.64 2111297.79)
0.0,Paleogene_Volcanic,493595.3,2111336.27,505.97,POINT (493595.3 2111336.27)
0.0,Cretaceous_limestone,493619.39,2111432.13,-1300.0,POINT (493619.39 2111432.13)
0.0,Quaternary_volcanic,493645.44,2111535.82,2276.7,POINT (493645.44 2111535.82)
0.0,Neogene_pyro,493651.89,2111561.48,1895.7,POINT (493651.89 2111561.48)
0.0,Neogene_Volcanic,493668.01,2111625.64,1228.95,POINT (493668.01 2111625.64)
0.0,Paleogene_Volcanic,493690.57,2111715.45,505.97,POINT (493690.57 2111715.45)
0.0,Neogene_Volcanic,493320.97,2111825.08,1228.95,POINT (493320.97 2111825.08)
0.0,Paleogene_Volcanic,493718.11,2111825.08,505.97,POINT (493718.11 2111825.08)
0.0,Quaternary_volcanic,493718.11,2111825.08,2276.7,POINT (493718.11 2111825.08)
0.0,Neogene_pyro,493718.11,2111825.08,1895.7,POINT (493718.11 2111825.08)
0.0,Neogene_Volcanic,493718.11,2111825.08,1228.95,POINT (493718.11 2111825.08)
0.0,Neogene_pyro,494125.75,2113447.56,1895.7,POINT (494125.75 2113447.56)
0.0,Quaternary_volcanic,494128.98,2113460.39,2276.7,POINT (494128.98 2113460.39)
0.0,Paleogene_Volcanic,494135.29,2113485.53,505.97,POINT (494135.29 2113485.53)
0.0,Neogene_Volcanic,494138.65,2113498.88,1228.95,POINT (494138.65 2113498.88)
0.0,Quaternary_volcanic,494182.06,2113671.68,2276.7,POINT (494182.06 2113671.68)
0.0,Neogene_pyro,494188.14,2113695.87,1895.7,POINT (494188.14 2113695.87)
0.0,F12,494192.58,2113713.53,3148.22,POINT (494192.58 2113713.53)
0.0,Neogene_Volcanic,494198.78,2113738.21,1228.95,POINT (494198.78 2113738.21)
0.0,Paleogene_Volcanic,494210.31,2113784.12,505.97,POINT (494210.31 2113784.12)
0.0,Cretaceous_limestone,494239.13,2113898.8,-1300.0,POINT (494239.13 2113898.8)
0.0,Quaternary_volcanic,494244.25,2113919.2,1439.89,POINT (494244.25 2113919.2)
0.0,Neogene_pyro,494253.12,2113954.49,884.26,POINT (494253.12 2113954.49)
0.0,Neogene_Volcanic,494276.46,2114047.42,-579.22,POINT (494276.46 2114047.42)
0.0,Paleogene_Volcanic,494287.89,2114092.88,-1300.0,POINT (494287.89 2114092.88)
0.0,Paleogene_Volcanic,494317.29,2114209.89,-1300.0,POINT (494317.29 2114209.89)
0.0,Quaternary_volcanic,494339.15,2114296.93,1439.89,POINT (494339.15 2114296.93)
0.0,Paleogene_Volcanic,498294.85,2111825.08,505.97,POINT (498294.85 2111825.08)
0.0,Neogene_pyro,498294.85,2111825.08,1895.7,POINT (498294.85 2111825.08)
0.0,Quaternary_volcanic,498294.85,2111825.08,2276.7,POINT (498294.85 2111825.08)
0.0,Cretaceous_limestone,498294.85,2111825.08,-1700.0,POINT (498294.85 2111825.08)
0.0,Quaternary_volcanic,498294.85,2111825.08,2276.7,POINT (498294.85 2111825.08)
0.0,Quaternary_volcanic,496667.86,2111825.08,2276.7,POINT (496667.86 2111825.08)
0.0,Paleogene_Volcanic,498294.85,2111825.08,505.97,POINT (498294.85 2111825.08)
0.0,Neogene_pyro,498294.85,2116825.08,884.26,POINT (498294.85 2116825.08)
0.0,Paleogene_Volcanic,498294.85,2116825.08,-1300.0,POINT (498294.85 2116825.08)
0.0,Cretaceous_limestone,498294.85,2116825.08,-1800.0,POINT (498294.85 2116825.08)
0.0,Neogene_Volcanic,494346.89,2114327.73,-579.22,POINT (494346.89 2114327.73)
0.0,Paleogene_Volcanic,494974.33,2116825.08,-1300.0,POINT (494974.33 2116825.08)
0.0,Neogene_Volcanic,494974.33,2116825.08,-579.22,POINT (494974.33 2116825.08)
0.0,Neogene_pyro,494974.33,2116825.08,884.26,POINT (494974.33 2116825.08)
0.0,Quaternary_volcanic,494974.33,2116825.08,1439.89,POINT (494974.33 2116825.08)
0.0,Neogene_Volcanic,495373.92,2118415.5,-579.22,POINT (495373.92 2118415.5)
0.0,Quaternary_volcanic,495380.37,2118441.16,1439.89,POINT (495380.37 2118441.16)
0.0,Paleogene_Volcanic,495391.43,2118485.22,-1300.0,POINT (495391.43 2118485.22)
0.0,Paleogene_Volcanic,495454.55,2118736.41,-1300.0,POINT (495454.55 2118736.41)
0.0,Neogene_pyro,495473.8,2118813.04,884.26,POINT (495473.8 2118813.04)
0.0,Quaternary_volcanic,495478.71,2118832.58,1439.89,POINT (495478.71 2118832.58)
0.0,Cretaceous_limestone,495503.27,2118930.34,-1300.0,POINT (495503.27 2118930.34)
0.0,Paleogene_Volcanic,495503.83,2118932.59,-1236.14,POINT (495503.83 2118932.59)
0.0,Neogene_Volcanic,495510.7,2118959.94,-458.26,POINT (495510.7 2118959.94)
0.0,F11,495515.23,2118977.96,2814.5,POINT (495515.23 2118977.96)
0.0,Neogene_pyro,495523.61,2119011.29,1002.24,POINT (495523.61 2119011.29)
0.0,Paleogene_Volcanic,498294.85,2116825.08,-1300.0,POINT (498294.85 2116825.08)
0.0,Quaternary_volcanic,498294.85,2116825.08,1439.89,POINT (498294.85 2116825.08)
0.0,Quaternary_volcanic,498294.85,2116825.08,1439.89,POINT (498294.85 2116825.08)
0.0,Neogene_Volcanic,498294.85,2116825.08,-579.22,POINT (498294.85 2116825.08)
0.0,Cretaceous_limestone,498294.85,2116825.08,-1800.0,POINT (498294.85 2116825.08)
0.0,Neogene_pyro,498294.85,2116825.08,884.26,POINT (498294.85 2116825.08)
0.0,Neogene_Volcanic,498294.85,2116825.08,-579.22,POINT (498294.85 2116825.08)
0.0,Paleogene_Volcanic,496230.55,2121825.08,-1236.14,POINT (496230.55 2121825.08)
0.0,Quaternary_volcanic,496230.55,2121825.08,1515.92,POINT (496230.55 2121825.08)
0.0,Neogene_Volcanic,496230.55,2121825.08,-458.26,POINT (496230.55 2121825.08)
0.0,Neogene_pyro,496230.55,2121825.08,1002.24,POINT (496230.55 2121825.08)
0.0,Neogene_Volcanic,498294.85,2121825.08,-458.26,POINT (498294.85 2121825.08)
0.0,Quaternary_volcanic,498294.85,2121825.08,1515.92,POINT (498294.85 2121825.08)
0.0,Neogene_pyro,498294.85,2121825.08,1002.24,POINT (498294.85 2121825.08)
0.0,Paleogene_Volcanic,498786.47,2121825.08,-1236.14,POINT (498786.47 2121825.08)
0.0,Paleogene_Volcanic,498276.64,2121825.08,-1236.14,POINT (498276.64 2121825.08)
0.0,Neogene_Volcanic,498294.85,2121825.08,-458.26,POINT (498294.85 2121825.08)
0.0,Cretaceous_limestone,498294.85,2121825.08,-1499.86,POINT (498294.85 2121825.08)
0.0,Paleogene_Volcanic,498294.85,2121825.08,-1236.14,POINT (498294.85 2121825.08)
0.0,Cretaceous_limestone,498294.85,2121825.08,-1499.86,POINT (498294.85 2121825.08)
0.0,Neogene_pyro,498294.85,2121825.08,1002.24,POINT (498294.85 2121825.08)
0.0,Paleogene_Volcanic,498294.85,2121825.08,-1236.14,POINT (498294.85 2121825.08)
0.0,Quaternary_volcanic,498294.85,2121825.08,1515.92,POINT (498294.85 2121825.08)
0.0,Neogene_pyro,496507.75,2122928.38,1002.24,POINT (496507.75 2122928.38)
0.0,Paleogene_Volcanic,496507.91,2122929.0,-1236.14,POINT (496507.91 2122929)
0.0,Neogene_Volcanic,496525.63,2122999.56,-458.26,POINT (496525.63 2122999.56)
0.0,Cretaceous_limestone,496540.36,2123058.17,-1300.0,POINT (496540.36 2123058.17)
0.0,Paleogene_Volcanic,496541.84,2123064.04,-1236.14,POINT (496541.84 2123064.04)
0.0,Neogene_Volcanic,496561.47,2123142.2,-458.26,POINT (496561.47 2123142.2)
0.0,Neogene_pyro,496565.34,2123157.58,1002.24,POINT (496565.34 2123157.58)
0.0,Quaternary_volcanic,495528.14,2119029.35,1515.92,POINT (495528.14 2119029.35)
0.0,Paleogene_Volcanic,495552.61,2119126.74,-1236.14,POINT (495552.61 2119126.74)
0.0,Quaternary_volcanic,495645.06,2119494.71,1515.92,POINT (495645.06 2119494.71)
0.0,Neogene_pyro,495656.67,2119540.9,1002.24,POINT (495656.67 2119540.9)
0.0,Neogene_Volcanic,495660.54,2119556.3,-458.26,POINT (495660.54 2119556.3)
0.0,Neogene_pyro,496178.95,2121619.68,1002.24,POINT (496178.95 2121619.68)
0.0,Neogene_pyro,488963.29,2121825.08,1002.24,POINT (488963.29 2121825.08)
0.0,Neogene_Volcanic,491799.25,2121825.08,-458.26,POINT (491799.25 2121825.08)
0.0,Quaternary_volcanic,489677.67,2121825.08,1515.92,POINT (489677.67 2121825.08)
0.0,Neogene_pyro,495080.11,2126825.08,1534.85,POINT (495080.11 2126825.08)
0.0,Quaternary_volcanic,496583.9,2123231.49,1515.92,POINT (496583.9 2123231.49)
0.0,Cretaceous_limestone,496589.22,2123252.64,-1300.0,POINT (496589.22 2123252.64)
0.0,Neogene_pyro,496598.34,2123288.96,1002.24,POINT (496598.34 2123288.96)
0.0,Quaternary_volcanic,496611.31,2123340.57,1515.92,POINT (496611.31 2123340.57)
0.0,Paleogene_Volcanic,496635.31,2123436.09,525.79,POINT (496635.31 2123436.09)
0.0,Neogene_Volcanic,496645.16,2123475.28,915.79,POINT (496645.16 2123475.28)
0.0,Neogene_pyro,496657.78,2123525.52,1415.79,POINT (496657.78 2123525.52)
0.0,XoF,496659.1,2123530.78,2438.51,POINT (496659.1 2123530.78)
0.0,Quaternary_volcanic,496665.35,2123555.66,1715.79,POINT (496665.35 2123555.66)
0.0,Quaternary_volcanic,496682.32,2123623.21,1715.79,POINT (496682.32 2123623.21)
0.0,Paleogene_Volcanic,496684.48,2123631.8,525.79,POINT (496684.48 2123631.8)
0.0,Neogene_Volcanic,496690.67,2123656.43,915.79,POINT (496690.67 2123656.43)
0.0,Neogene_pyro,496693.76,2123668.75,1415.79,POINT (496693.76 2123668.75)
0.0,Cretaceous_limestone,497256.51,2125908.6,-1300.0,POINT (497256.51 2125908.6)
0.0,Paleogene_Volcanic,497256.99,2125910.48,525.79,POINT (497256.99 2125910.48)
0.0,Neogene_pyro,497275.55,2125984.38,1415.79,POINT (497275.55 2125984.38)
0.0,Neogene_Volcanic,497277.1,2125990.54,915.79,POINT (497277.1 2125990.54)
0.0,Quaternary_volcanic,497281.64,2126008.63,1715.79,POINT (497281.64 2126008.63)
0.0,Paleogene_Volcanic,497292.69,2126052.61,525.79,POINT (497292.69 2126052.61)
0.0,Neogene_Volcanic,497300.44,2126083.45,915.79,POINT (497300.44 2126083.45)
0.0,Cretaceous_limestone,497305.31,2126102.83,-1300.0,POINT (497305.31 2126102.83)
0.0,Neogene_pyro,497310.38,2126123.0,1415.79,POINT (497310.38 2126123)
0.0,Quaternary_volcanic,497316.34,2126146.72,1715.79,POINT (497316.34 2126146.72)
0.0,Paleogene_Volcanic,497343.96,2126256.64,644.85,POINT (497343.96 2126256.64)
0.0,Cretaceous_limestone,497346.7,2126267.57,-1300.0,POINT (497346.7 2126267.57)
0.0,Cretaceous_limestone,497346.7,2126267.57,-1300.0,POINT (497346.7 2126267.57)
0.0,Paleogene_Volcanic,497346.7,2126267.57,644.85,POINT (497346.7 2126267.57)
0.0,Neogene_Volcanic,497351.71,2126287.49,1034.85,POINT (497351.71 2126287.49)
0.0,XiF,497357.23,2126309.46,2543.07,POINT (497357.23 2126309.46)
0.0,Neogene_pyro,497361.64,2126327.03,1534.85,POINT (497361.64 2126327.03)
0.0,Quaternary_volcanic,497367.6,2126350.76,1834.85,POINT (497367.6 2126350.76)
0.0,Quaternary_volcanic,497371.9,2126367.88,1834.85,POINT (497371.9 2126367.88)
0.0,Neogene_pyro,498294.85,2126825.08,1534.85,POINT (498294.85 2126825.08)
0.0,Paleogene_Volcanic,497486.76,2126825.08,644.85,POINT (497486.76 2126825.08)
0.0,Cretaceous_limestone,498294.85,2126825.08,-1000.0,POINT (498294.85 2126825.08)
0.0,Quaternary_volcanic,497486.76,2126825.08,1834.85,POINT (497486.76 2126825.08)
0.0,Neogene_Volcanic,497486.76,2126825.08,1034.85,POINT (497486.76 2126825.08)
0.0,Paleogene_Volcanic,498294.85,2126825.08,644.85,POINT (498294.85 2126825.08)
0.0,Quaternary_volcanic,498294.85,2126825.08,1834.85,POINT (498294.85 2126825.08)
0.0,Paleogene_Volcanic,498294.85,2126825.08,644.85,POINT (498294.85 2126825.08)
0.0,Quaternary_volcanic,488970.69,2126825.08,1834.85,POINT (488970.69 2126825.08)
0.0,Paleogene_Volcanic,490714.09,2126825.08,644.85,POINT (490714.09 2126825.08)
0.0,Neogene_pyro,490664.87,2126825.08,1534.85,POINT (490664.87 2126825.08)
0.0,Neogene_pyro,489160.05,2126825.08,1534.85,POINT (489160.05 2126825.08)
0.0,Paleogene_Volcanic,491874.25,2126825.08,644.85,POINT (491874.25 2126825.08)
0.0,Paleogene_Volcanic,491874.25,2126825.08,644.85,POINT (491874.25 2126825.08)
0.0,Neogene_pyro,491751.22,2126825.08,1534.85,POINT (491751.22 2126825.08)
0.0,Quaternary_volcanic,491751.22,2126825.08,1834.85,POINT (491751.22 2126825.08)
0.0,Neogene_pyro,491751.22,2126825.08,1534.85,POINT (491751.22 2126825.08)
0.0,Quaternary_volcanic,491751.22,2126825.08,1834.85,POINT (491751.22 2126825.08)
0.0,Quaternary_volcanic,494550.94,2126825.08,1834.85,POINT (494550.94 2126825.08)
0.0,Neogene_Volcanic,491526.33,2126825.08,1034.85,POINT (491526.33 2126825.08)
0.0,Neogene_Volcanic,491526.33,2126825.08,1034.85,POINT (491526.33 2126825.08)
0.0,Cretaceous_limestone,491128.13,2126825.08,-1000.0,POINT (491128.13 2126825.08)
0.0,Cretaceous_limestone,491128.13,2126825.08,-1000.0,POINT (491128.13 2126825.08)
0.0,Quaternary_volcanic,490780.62,2126825.08,1834.85,POINT (490780.62 2126825.08)
0.0,Neogene_pyro,498294.85,2126825.08,1534.85,POINT (498294.85 2126825.08)
0.0,Neogene_Volcanic,498294.85,2126825.08,1034.85,POINT (498294.85 2126825.08)
0.0,Neogene_Volcanic,498294.85,2126825.08,1034.85,POINT (498294.85 2126825.08)
0.0,Cretaceous_limestone,498294.85,2126825.08,-1000.0,POINT (498294.85 2126825.08)
0.0,Neogene_pyro,497486.76,2126825.08,1534.85,POINT (497486.76 2126825.08)
0.0,Quaternary_volcanic,498294.85,2126825.08,1834.85,POINT (498294.85 2126825.08)
,Quaternary_alluvial,499414.4956033678,2127584.637435901,2269.0,POINT (499414.4956033678 2127584.637435901)
