Id,formation,X,Y,Z,geometry
0.0,Neogene_Volcanic,502794.85,2106825.08,1949.64,POINT (502794.85 2106825.08)
0.0,Quaternary_volcanic,502794.85,2106825.08,2429.2,POINT (502794.85 2106825.08)
0.0,Quaternary_volcanic,502794.85,2106825.08,2429.2,POINT (502794.85 2106825.08)
0.0,Paleogene_Volcanic,502794.85,2106825.08,1515.28,POINT (502794.85 2106825.08)
0.0,Cretaceous_limestone,502794.85,2106825.08,-1000.0,POINT (502794.85 2106825.08)
0.0,Neogene_Volcanic,502794.85,2106825.08,1949.64,POINT (502794.85 2106825.08)
0.0,Cretaceous_limestone,502794.85,2106825.08,-1000.0,POINT (502794.85 2106825.08)
0.0,Quaternary_volcanic,503030.88,2106825.08,2429.2,POINT (503030.88 2106825.08)
0.0,Neogene_Volcanic,503030.88,2106825.08,1949.64,POINT (503030.88 2106825.08)
0.0,Paleogene_Volcanic,503030.88,2106825.08,1515.28,POINT (503030.88 2106825.08)
0.0,Paleogene_Volcanic,502794.85,2106825.08,1515.28,POINT (502794.85 2106825.08)
0.0,Neogene_pyro,500002.39,2111825.08,1895.7,POINT (500002.39 2111825.08)
0.0,Quaternary_Pyro2,502423.33,2111825.08,1895.7,POINT (502423.33 2111825.08)
0.0,Quaternary_Pyro2,500794.85,2111825.08,2276.7,POINT (500794.85 2111825.08)
0.0,Quaternary_volcanic,502794.85,2111825.08,2276.7,POINT (502794.85 2111825.08)
0.0,Cretaceous_limestone,502794.85,2111825.08,-1700.0,POINT (502794.85 2111825.08)
0.0,Paleogene_Volcanic,502794.85,2111825.08,505.97,POINT (502794.85 2111825.08)
0.0,Neogene_pyro,501318.86,2111825.08,1895.7,POINT (501318.86 2111825.08)
0.0,Neogene_pyro,501386.64,2111825.08,1903.97,POINT (501386.64 2111825.08)
0.0,Quaternary_Pyro2,501399.77,2111825.08,1895.7,POINT (501399.77 2111825.08)
0.0,Quaternary_volcanic,504746.49,2111825.08,2276.7,POINT (504746.49 2111825.08)
0.0,Paleogene_Volcanic,502794.85,2111825.08,505.97,POINT (502794.85 2111825.08)
0.0,Quaternary_Pyro2,502794.85,2111825.08,1895.7,POINT (502794.85 2111825.08)
0.0,Cretaceous_limestone,502794.85,2111825.08,-1700.0,POINT (502794.85 2111825.08)
0.0,Quaternary_Pyro2,502794.85,2111825.08,1895.7,POINT (502794.85 2111825.08)
0.0,Neogene_Volcanic,504539.33,2111825.08,1228.95,POINT (504539.33 2111825.08)
0.0,Quaternary_volcanic,502794.85,2111825.08,2276.7,POINT (502794.85 2111825.08)
0.0,Quaternary_volcanic,503679.33,2111825.08,2276.7,POINT (503679.33 2111825.08)
0.0,Quaternary_Pyro2,501800.77,2116825.08,884.26,POINT (501800.77 2116825.08)
0.0,Quaternary_volcanic,502794.85,2116825.08,1439.89,POINT (502794.85 2116825.08)
0.0,Paleogene_Volcanic,502794.85,2116825.08,-1300.0,POINT (502794.85 2116825.08)
0.0,Paleogene_Volcanic,502794.85,2116825.08,-1300.0,POINT (502794.85 2116825.08)
0.0,Neogene_Volcanic,502794.85,2116825.08,-579.22,POINT (502794.85 2116825.08)
0.0,Cretaceous_limestone,502794.85,2116825.08,-1800.0,POINT (502794.85 2116825.08)
0.0,Quaternary_volcanic,500781.26,2116825.08,1439.89,POINT (500781.26 2116825.08)
0.0,Quaternary_Pyro2,500794.85,2116825.08,1439.89,POINT (500794.85 2116825.08)
0.0,Paleogene_Volcanic,503388.1,2116825.08,-1300.0,POINT (503388.1 2116825.08)
0.0,Neogene_Volcanic,503388.1,2116825.08,-579.22,POINT (503388.1 2116825.08)
0.0,Quaternary_Pyro2,503388.1,2116825.08,884.26,POINT (503388.1 2116825.08)
0.0,Quaternary_volcanic,503388.1,2116825.08,1439.89,POINT (503388.1 2116825.08)
0.0,Quaternary_Pyro2,504082.63,2116825.08,912.12,POINT (504082.63 2116825.08)
0.0,Quaternary_volcanic,504531.61,2116825.08,1466.32,POINT (504531.61 2116825.08)
0.0,Neogene_pyro,501657.15,2116825.08,884.26,POINT (501657.15 2116825.08)
0.0,Neogene_pyro,501772.28,2116825.08,899.99,POINT (501772.28 2116825.08)
0.0,Quaternary_Pyro2,502794.85,2116825.08,884.26,POINT (502794.85 2116825.08)
0.0,Neogene_Volcanic,502794.85,2116825.08,-579.22,POINT (502794.85 2116825.08)
0.0,Quaternary_Pyro2,502794.85,2116825.08,884.26,POINT (502794.85 2116825.08)
0.0,Cretaceous_limestone,502794.85,2116825.08,-1800.0,POINT (502794.85 2116825.08)
0.0,Quaternary_volcanic,502794.85,2116825.08,1439.89,POINT (502794.85 2116825.08)
0.0,Paleogene_Volcanic,500056.47,2121825.08,-1236.14,POINT (500056.47 2121825.08)
0.0,Paleogene_Volcanic,502376.48,2121825.08,-1236.14,POINT (502376.48 2121825.08)
0.0,Neogene_pyro,504928.52,2121825.08,1002.24,POINT (504928.52 2121825.08)
0.0,Neogene_pyro,504941.05,2121825.08,1013.89,POINT (504941.05 2121825.08)
0.0,Quaternary_Pyro2,504967.65,2121825.08,1002.24,POINT (504967.65 2121825.08)
0.0,Quaternary_volcanic,502376.48,2121825.08,1515.92,POINT (502376.48 2121825.08)
0.0,Quaternary_Pyro2,503794.85,2121825.08,1515.92,POINT (503794.85 2121825.08)
0.0,Neogene_pyro,502376.48,2121825.08,1002.24,POINT (502376.48 2121825.08)
0.0,Neogene_Volcanic,502794.85,2121825.08,-412.0,POINT (502794.85 2121825.08)
0.0,Quaternary_volcanic,501637.2,2121825.08,1515.92,POINT (501637.2 2121825.08)
0.0,Neogene_Volcanic,502376.48,2121825.08,-458.26,POINT (502376.48 2121825.08)
0.0,Neogene_Volcanic,502794.85,2121825.08,-412.0,POINT (502794.85 2121825.08)
0.0,Cretaceous_limestone,502794.85,2121825.08,-1499.86,POINT (502794.85 2121825.08)
0.0,Paleogene_Volcanic,502794.85,2121825.08,-1194.57,POINT (502794.85 2121825.08)
0.0,Quaternary_volcanic,502794.85,2121825.08,1515.92,POINT (502794.85 2121825.08)
0.0,Neogene_pyro,502794.85,2121825.08,1002.24,POINT (502794.85 2121825.08)
0.0,Neogene_pyro,502794.85,2121825.08,1002.24,POINT (502794.85 2121825.08)
0.0,Cretaceous_limestone,502794.85,2121825.08,-1499.86,POINT (502794.85 2121825.08)
0.0,Quaternary_volcanic,502794.85,2121825.08,1515.92,POINT (502794.85 2121825.08)
0.0,Paleogene_Volcanic,502794.85,2121825.08,-1194.57,POINT (502794.85 2121825.08)
,Quaternary_alluvial,504582.2845999999,2123228.505999999,2294.0,POINT (504582.2845999999 2123228.505999999)
,Quaternary_alluvial,502438.3876999999,2123288.153999999,2296.0,POINT (502438.3876999999 2123288.153999999)
,Quaternary_alluvial,501788.5422,2124161.9662999995,2283.0,POINT (501788.5422 2124161.9662999995)
,Quaternary_alluvial,502824.22559999954,2124379.6417999994,2274.0,POINT (502824.22559999954 2124379.6417999994)
,Quaternary_alluvial,500444.5493999999,2124481.2354000006,2288.0,POINT (500444.5493999999 2124481.2354000006)
,Quaternary_Lac,503606.2991000004,2125338.8621,2255.0,POINT (503606.2991000004 2125338.8621)
,Quaternary_alluvial,500548.4002,2126217.1532000005,2281.0,POINT (500548.4002 2126217.1532000005)
0.0,Quaternary_alluvial,500240.93,2126825.08,2037.11,POINT (500240.93 2126825.08)
0.0,Neogene_pyro,502604.51,2126825.08,1545.31,POINT (502604.51 2126825.08)
0.0,Quaternary_volcanic,502661.09,2126825.08,1834.85,POINT (502661.09 2126825.08)
0.0,Cretaceous_limestone,502794.85,2126825.08,-1000.0,POINT (502794.85 2126825.08)
0.0,Neogene_Volcanic,502794.85,2126825.08,1026.62,POINT (502794.85 2126825.08)
0.0,Paleogene_Volcanic,502794.85,2126825.08,566.43,POINT (502794.85 2126825.08)
0.0,Neogene_Volcanic,502794.85,2126825.08,1026.62,POINT (502794.85 2126825.08)
0.0,Quaternary_volcanic,501511.52,2126825.08,1834.85,POINT (501511.52 2126825.08)
0.0,Neogene_pyro,502794.85,2126825.08,1546.46,POINT (502794.85 2126825.08)
0.0,Quaternary_volcanic,502794.85,2126825.08,1834.85,POINT (502794.85 2126825.08)
0.0,Paleogene_Volcanic,501448.56,2126825.08,622.12,POINT (501448.56 2126825.08)
0.0,Quaternary_Lac,501850.72,2126825.08,2106.1,POINT (501850.72 2126825.08)
0.0,Paleogene_Volcanic,500899.04,2126825.08,644.85,POINT (500899.04 2126825.08)
0.0,Neogene_Volcanic,500887.7,2126825.08,1034.85,POINT (500887.7 2126825.08)
0.0,Quaternary_alluvial,502794.85,2126825.08,2037.11,POINT (502794.85 2126825.08)
0.0,Neogene_pyro,502794.85,2126825.08,1546.46,POINT (502794.85 2126825.08)
0.0,Quaternary_alluvial,502794.85,2126825.08,2037.11,POINT (502794.85 2126825.08)
0.0,Cretaceous_limestone,502794.85,2126825.08,-1000.0,POINT (502794.85 2126825.08)
0.0,Neogene_pyro,500873.17,2126825.08,1534.85,POINT (500873.17 2126825.08)
0.0,Quaternary_volcanic,500864.45,2126825.08,1834.85,POINT (500864.45 2126825.08)
0.0,Quaternary_volcanic,502794.85,2126825.08,1834.85,POINT (502794.85 2126825.08)
0.0,Paleogene_Volcanic,502794.85,2126825.08,566.43,POINT (502794.85 2126825.08)
0.0,Quaternary_Lac,501661.85,2126825.08,2249.62,POINT (501661.85 2126825.08)
0.0,Quaternary_alluvial,499963.26,2126825.08,2281.51,POINT (499963.26 2126825.08)
,Quaternary_Lac,500148.99827919534,2127584.637435901,2249.0,POINT (500148.99827919534 2127584.637435901)
0.0,Neogene_pyro,467598.05,2106825.08,2409.83,POINT (467598.05 2106825.08)
0.0,Quaternary_volcanic,470381.63,2106825.08,2251.77,POINT (470381.63 2106825.08)
0.0,Quaternary_volcanic,467454.2,2106825.08,2429.2,POINT (467454.2 2106825.08)
0.0,Quaternary_volcanic,467543.12,2106825.08,2423.81,POINT (467543.12 2106825.08)
0.0,Neogene_pyro,469868.9,2106825.08,1912.48,POINT (469868.9 2106825.08)
0.0,Neogene_pyro,467578.67,2106825.08,2421.65,POINT (467578.67 2106825.08)
0.0,Neogene_pyro,468762.47,2106825.08,2113.64,POINT (468762.47 2106825.08)
0.0,Neogene_pyro,471897.34,2106825.08,1845.42,POINT (471897.34 2106825.08)
0.0,Neogene_pyro,471042.38,2106825.08,1878.95,POINT (471042.38 2106825.08)
0.0,Neogene_Volcanic,471486.84,2106825.08,699.12,POINT (471486.84 2106825.08)
0.0,Neogene_Volcanic,479969.58,2106825.08,1949.64,POINT (479969.58 2106825.08)
0.0,Quaternary_volcanic,478137.25,2106825.08,2086.4,POINT (478137.25 2106825.08)
0.0,Paleogene_Volcanic,480645.13,2106825.08,1515.28,POINT (480645.13 2106825.08)
0.0,Quaternary_volcanic,475127.65,2106825.08,1594.75,POINT (475127.65 2106825.08)
0.0,Quaternary_volcanic,479410.56,2106825.08,2350.99,POINT (479410.56 2106825.08)
0.0,Paleogene_Volcanic,471489.99,2106825.08,-36.1,POINT (471489.99 2106825.08)
0.0,Quaternary_volcanic,479995.9,2106825.08,2429.2,POINT (479995.9 2106825.08)
0.0,Quaternary_volcanic,476913.55,2106825.08,1805.28,POINT (476913.55 2106825.08)
0.0,Quaternary_volcanic,474532.29,2106825.08,1887.96,POINT (474532.29 2106825.08)
0.0,Quaternary_volcanic,477492.32,2106825.08,1937.57,POINT (477492.32 2106825.08)
0.0,Quaternary_volcanic,478782.17,2106825.08,2202.16,POINT (478782.17 2106825.08)
0.0,Paleogene_Volcanic,479426.74,2106825.08,1420.06,POINT (479426.74 2106825.08)
0.0,Quaternary_volcanic,475640.24,2106825.08,1722.6,POINT (475640.24 2106825.08)
0.0,Quaternary_volcanic,473606.25,2106825.08,2119.48,POINT (473606.25 2106825.08)
0.0,Neogene_pyro,473381.12,2106825.08,1592.27,POINT (473381.12 2106825.08)
0.0,Neogene_pyro,475121.1,2106825.08,1594.75,POINT (475121.1 2106825.08)
0.0,Neogene_pyro,475123.92,2106825.08,1596.59,POINT (475123.92 2106825.08)
0.0,Paleogene_Volcanic,460794.85,2106825.08,-36.1,POINT (460794.85 2106825.08)
0.0,Neogene_Volcanic,460794.85,2106825.08,699.12,POINT (460794.85 2106825.08)
0.0,Cretaceous_limestone,460794.85,2106825.08,-1000.0,POINT (460794.85 2106825.08)
0.0,Neogene_Volcanic,457999.44,2110699.64,699.12,POINT (457999.44 2110699.64)
0.0,Neogene_Volcanic,457999.44,2110699.64,699.12,POINT (457999.44 2110699.64)
0.0,Paleogene_Volcanic,457999.44,2110712.87,-36.1,POINT (457999.44 2110712.87)
0.0,Paleogene_Volcanic,457999.44,2110712.87,-36.1,POINT (457999.44 2110712.87)
0.0,Neogene_Volcanic,457999.44,2111169.46,699.12,POINT (457999.44 2111169.46)
0.0,Paleogene_Volcanic,457999.44,2111190.61,-36.1,POINT (457999.44 2111190.61)
,F13,457999.44,2111207.29,2862.0,POINT (457999.44 2111207.29)
0.0,Quaternary_volcanic,466690.09,2106825.08,2898.47,POINT (466690.09 2106825.08)
,Quaternary_volcanic,466562.4277999997,2108884.433700001,3000.0,POINT (466562.4277999997 2108884.433700001)
,Quaternary_volcanic,467388.4622,2111312.9921000004,3365.0,POINT (467388.4622 2111312.9921000004)
0.0,Cretaceous_limestone,461012.29,2111825.08,-1700.0,POINT (461012.29 2111825.08)
0.0,Neogene_pyro,470221.18,2111825.08,1984.65,POINT (470221.18 2111825.08)
0.0,Neogene_pyro,469472.1,2111825.08,2435.68,POINT (469472.1 2111825.08)
0.0,Neogene_pyro,470824.69,2111825.08,1917.59,POINT (470824.69 2111825.08)
0.0,Quaternary_volcanic,469146.34,2111825.08,2505.96,POINT (469146.34 2111825.08)
0.0,Quaternary_volcanic,468330.51,2111825.08,2832.39,POINT (468330.51 2111825.08)
0.0,Quaternary_volcanic,467689.29,2111825.08,3385.18,POINT (467689.29 2111825.08)
0.0,Cretaceous_limestone,457999.44,2111240.97,-1786.69,POINT (457999.44 2111240.97)
0.0,Neogene_Volcanic,457999.44,2111369.55,699.12,POINT (457999.44 2111369.55)
0.0,Paleogene_Volcanic,457999.44,2111390.69,-36.1,POINT (457999.44 2111390.69)
0.0,Cretaceous_limestone,457999.44,2111441.06,-1786.86,POINT (457999.44 2111441.06)
0.0,Paleogene_Volcanic,460794.85,2111825.08,-36.1,POINT (460794.85 2111825.08)
0.0,Neogene_Volcanic,460794.85,2111825.08,699.12,POINT (460794.85 2111825.08)
,Quaternary_volcanic,458409.1120999996,2115542.0887,2875.0,POINT (458409.1120999996 2115542.0887)
0.0,Neogene_Volcanic,457999.44,2115896.11,699.12,POINT (457999.44 2115896.11)
0.0,Paleogene_Volcanic,457999.44,2115917.33,-36.1,POINT (457999.44 2115917.33)
0.0,Quaternary_volcanic,468859.68,2111825.08,2567.8,POINT (468859.68 2111825.08)
0.0,Quaternary_volcanic,470209.05,2111825.08,2276.7,POINT (470209.05 2111825.08)
,Quaternary_volcanic,468437.60840000026,2112439.349199999,3200.0,POINT (468437.60840000026 2112439.349199999)
,Quaternary_volcanic,466943.4184999997,2114814.9202999994,3467.0,POINT (466943.4184999997 2114814.9202999994)
,Quaternary_volcanic,468837.9276999999,2115199.5292000007,3168.0,POINT (468837.9276999999 2115199.5292000007)
,Quaternary_volcanic,467847.5887000002,2115417.6415,3380.0,POINT (467847.5887000002 2115417.6415)
,Quaternary_volcanic,463028.6279999996,2115810.3419000003,3573.0,POINT (463028.6279999996 2115810.3419000003)
,Quaternary_volcanic,463867.7237999998,2115825.166,3600.0,POINT (463867.7237999998 2115825.166)
,Quaternary_volcanic,466200.0807999997,2115834.1493,3500.0,POINT (466200.0807999997 2115834.1493)
,Quaternary_volcanic,464075.2374,2116471.2858000007,3592.0,POINT (464075.2374 2116471.2858000007)
0.0,Neogene_pyro,471813.76,2111825.08,1833.77,POINT (471813.76 2111825.08)
0.0,Neogene_pyro,483412.98,2111825.08,1895.7,POINT (483412.98 2111825.08)
0.0,Paleogene_Volcanic,471489.99,2111825.08,-36.1,POINT (471489.99 2111825.08)
0.0,Quaternary_volcanic,480718.54,2111825.08,2276.7,POINT (480718.54 2111825.08)
0.0,Paleogene_Volcanic,471489.99,2116825.08,-36.1,POINT (471489.99 2116825.08)
0.0,Quaternary_volcanic,478361.26,2116825.08,1598.89,POINT (478361.26 2116825.08)
0.0,Quaternary_volcanic,481066.21,2116825.08,1439.89,POINT (481066.21 2116825.08)
0.0,Paleogene_Volcanic,473470.8,2116825.08,-295.76,POINT (473470.8 2116825.08)
0.0,Neogene_pyro,481079.44,2116825.08,884.26,POINT (481079.44 2116825.08)
0.0,Quaternary_volcanic,472725.62,2116825.08,2128.05,POINT (472725.62 2116825.08)
,F12,457999.44,2115933.96,2853.0,POINT (457999.44 2115933.96)
0.0,Cretaceous_limestone,457999.44,2115967.99,-1790.72,POINT (457999.44 2115967.99)
0.0,Neogene_Volcanic,457999.44,2116096.19,699.12,POINT (457999.44 2116096.19)
0.0,Paleogene_Volcanic,457999.44,2116117.42,-36.1,POINT (457999.44 2116117.42)
0.0,Cretaceous_limestone,457999.44,2116168.08,-1790.89,POINT (457999.44 2116168.08)
0.0,Paleogene_Volcanic,457999.44,2116639.54,-36.1,POINT (457999.44 2116639.54)
0.0,Paleogene_Volcanic,457999.44,2116639.54,-36.1,POINT (457999.44 2116639.54)
0.0,Paleogene_Volcanic,460794.85,2116825.08,-36.1,POINT (460794.85 2116825.08)
0.0,Neogene_Volcanic,460794.85,2116825.08,699.12,POINT (460794.85 2116825.08)
0.0,Cretaceous_limestone,460794.85,2116825.08,-1800.0,POINT (460794.85 2116825.08)
0.0,Neogene_pyro,469621.67,2116825.08,2310.64,POINT (469621.67 2116825.08)
0.0,Quaternary_volcanic,462193.72,2116825.08,3338.65,POINT (462193.72 2116825.08)
0.0,Quaternary_volcanic,469127.28,2116825.08,2339.72,POINT (469127.28 2116825.08)
0.0,Quaternary_volcanic,462699.24,2116825.08,2931.28,POINT (462699.24 2116825.08)
0.0,Quaternary_volcanic,462447.89,2116825.08,3023.88,POINT (462447.89 2116825.08)
0.0,Quaternary_volcanic,468042.49,2116825.08,2763.05,POINT (468042.49 2116825.08)
0.0,Quaternary_volcanic,464292.03,2116825.08,3577.28,POINT (464292.03 2116825.08)
0.0,Quaternary_volcanic,466490.26,2116825.08,3463.02,POINT (466490.26 2116825.08)
0.0,Quaternary_volcanic,463863.41,2116825.08,3010.65,POINT (463863.41 2116825.08)
0.0,Quaternary_volcanic,463321.02,2116825.08,2931.28,POINT (463321.02 2116825.08)
0.0,Neogene_Volcanic,488638.52,2106825.08,1949.64,POINT (488638.52 2106825.08)
0.0,Quaternary_volcanic,488462.23,2106825.08,2429.2,POINT (488462.23 2106825.08)
0.0,Paleogene_Volcanic,488712.28,2106825.08,1515.28,POINT (488712.28 2106825.08)
0.0,Neogene_Volcanic,492461.89,2106825.08,1949.64,POINT (492461.89 2106825.08)
0.0,Quaternary_volcanic,492461.89,2106825.08,2429.2,POINT (492461.89 2106825.08)
0.0,Paleogene_Volcanic,492461.89,2106825.08,1515.28,POINT (492461.89 2106825.08)
0.0,Neogene_Volcanic,492633.02,2107506.19,1949.64,POINT (492633.02 2107506.19)
0.0,Quaternary_volcanic,492741.01,2107936.01,2429.2,POINT (492741.01 2107936.01)
0.0,Quaternary_volcanic,481296.43,2106825.08,2429.2,POINT (481296.43 2106825.08)
0.0,Quaternary_volcanic,483966.65,2106825.08,2429.2,POINT (483966.65 2106825.08)
0.0,Quaternary_volcanic,485079.98,2106825.08,2429.2,POINT (485079.98 2106825.08)
0.0,Neogene_pyro,473381.12,2111825.08,1592.27,POINT (473381.12 2111825.08)
0.0,Quaternary_volcanic,476186.66,2111825.08,2276.7,POINT (476186.66 2111825.08)
0.0,Neogene_Volcanic,471486.84,2111825.08,699.12,POINT (471486.84 2111825.08)
0.0,Neogene_Volcanic,481256.67,2111825.08,1228.95,POINT (481256.67 2111825.08)
0.0,Neogene_pyro,481256.67,2111825.08,1895.7,POINT (481256.67 2111825.08)
0.0,Quaternary_volcanic,481256.67,2111825.08,2276.7,POINT (481256.67 2111825.08)
0.0,Paleogene_Volcanic,481256.67,2111825.08,505.97,POINT (481256.67 2111825.08)
0.0,Paleogene_Volcanic,498294.85,2106825.08,1515.28,POINT (498294.85 2106825.08)
0.0,Neogene_Volcanic,498294.85,2106825.08,1949.64,POINT (498294.85 2106825.08)
0.0,Cretaceous_limestone,498294.85,2106825.08,-1000.0,POINT (498294.85 2106825.08)
0.0,Paleogene_Volcanic,498294.85,2106825.08,1515.28,POINT (498294.85 2106825.08)
0.0,Neogene_Volcanic,498294.85,2106825.08,1949.64,POINT (498294.85 2106825.08)
0.0,Cretaceous_limestone,498294.85,2106825.08,-1000.0,POINT (498294.85 2106825.08)
0.0,Quaternary_volcanic,498294.85,2106825.08,2429.2,POINT (498294.85 2106825.08)
0.0,Quaternary_volcanic,498294.85,2106825.08,2429.2,POINT (498294.85 2106825.08)
0.0,Neogene_pyro,498294.85,2111825.08,1895.7,POINT (498294.85 2111825.08)
0.0,Cretaceous_limestone,498294.85,2111825.08,-1700.0,POINT (498294.85 2111825.08)
0.0,Quaternary_volcanic,492767.12,2108039.94,2429.2,POINT (492767.12 2108039.94)
0.0,Paleogene_Volcanic,493456.02,2110781.87,1515.28,POINT (493456.02 2110781.87)
0.0,Neogene_Volcanic,493459.88,2110797.27,1949.64,POINT (493459.88 2110797.27)
0.0,Quaternary_volcanic,493465.69,2110820.36,2429.2,POINT (493465.69 2110820.36)
0.0,Quaternary_volcanic,493520.78,2111039.64,2429.2,POINT (493520.78 2111039.64)
0.0,Neogene_Volcanic,493527.19,2111065.16,1949.64,POINT (493527.19 2111065.16)
0.0,Paleogene_Volcanic,493533.0,2111088.28,1515.28,POINT (493533 2111088.28)
0.0,F13,493535.81,2111099.47,3130.11,POINT (493535.81 2111099.47)
0.0,Cretaceous_limestone,493570.65,2111238.12,-1300.0,POINT (493570.65 2111238.12)
0.0,Quaternary_volcanic,493571.63,2111242.02,2276.7,POINT (493571.63 2111242.02)
0.0,Neogene_pyro,493576.72,2111262.3,1895.7,POINT (493576.72 2111262.3)
0.0,Neogene_Volcanic,493585.64,2111297.79,1228.95,POINT (493585.64 2111297.79)
0.0,Paleogene_Volcanic,493595.3,2111336.27,505.97,POINT (493595.3 2111336.27)
0.0,Cretaceous_limestone,493619.39,2111432.13,-1300.0,POINT (493619.39 2111432.13)
0.0,Quaternary_volcanic,493645.44,2111535.82,2276.7,POINT (493645.44 2111535.82)
0.0,Neogene_pyro,493651.89,2111561.48,1895.7,POINT (493651.89 2111561.48)
0.0,Neogene_Volcanic,493668.01,2111625.64,1228.95,POINT (493668.01 2111625.64)
0.0,Paleogene_Volcanic,493690.57,2111715.45,505.97,POINT (493690.57 2111715.45)
0.0,Neogene_Volcanic,493320.97,2111825.08,1228.95,POINT (493320.97 2111825.08)
0.0,Quaternary_volcanic,488314.95,2111825.08,2276.7,POINT (488314.95 2111825.08)
0.0,Paleogene_Volcanic,493718.11,2111825.08,505.97,POINT (493718.11 2111825.08)
0.0,Quaternary_volcanic,493718.11,2111825.08,2276.7,POINT (493718.11 2111825.08)
0.0,Neogene_pyro,493718.11,2111825.08,1895.7,POINT (493718.11 2111825.08)
0.0,Neogene_Volcanic,493718.11,2111825.08,1228.95,POINT (493718.11 2111825.08)
0.0,Neogene_pyro,494125.75,2113447.56,1895.7,POINT (494125.75 2113447.56)
0.0,Quaternary_volcanic,494128.98,2113460.39,2276.7,POINT (494128.98 2113460.39)
0.0,Paleogene_Volcanic,494135.29,2113485.53,505.97,POINT (494135.29 2113485.53)
0.0,Neogene_Volcanic,494138.65,2113498.88,1228.95,POINT (494138.65 2113498.88)
0.0,Quaternary_volcanic,494182.06,2113671.68,2276.7,POINT (494182.06 2113671.68)
0.0,Neogene_pyro,494188.14,2113695.87,1895.7,POINT (494188.14 2113695.87)
0.0,F12,494192.58,2113713.53,3148.22,POINT (494192.58 2113713.53)
0.0,Neogene_Volcanic,494198.78,2113738.21,1228.95,POINT (494198.78 2113738.21)
0.0,Paleogene_Volcanic,494210.31,2113784.12,505.97,POINT (494210.31 2113784.12)
0.0,Cretaceous_limestone,494239.13,2113898.8,-1300.0,POINT (494239.13 2113898.8)
0.0,Quaternary_volcanic,494244.25,2113919.2,1439.89,POINT (494244.25 2113919.2)
0.0,Neogene_pyro,494253.12,2113954.49,884.26,POINT (494253.12 2113954.49)
0.0,Neogene_Volcanic,494276.46,2114047.42,-579.22,POINT (494276.46 2114047.42)
0.0,Paleogene_Volcanic,494287.89,2114092.88,-1300.0,POINT (494287.89 2114092.88)
0.0,Paleogene_Volcanic,494317.29,2114209.89,-1300.0,POINT (494317.29 2114209.89)
0.0,Quaternary_volcanic,494339.15,2114296.93,1439.89,POINT (494339.15 2114296.93)
0.0,Paleogene_Volcanic,498294.85,2111825.08,505.97,POINT (498294.85 2111825.08)
0.0,Neogene_pyro,498294.85,2111825.08,1895.7,POINT (498294.85 2111825.08)
0.0,Quaternary_volcanic,498294.85,2111825.08,2276.7,POINT (498294.85 2111825.08)
0.0,Cretaceous_limestone,498294.85,2111825.08,-1700.0,POINT (498294.85 2111825.08)
0.0,Quaternary_volcanic,498294.85,2111825.08,2276.7,POINT (498294.85 2111825.08)
0.0,Quaternary_volcanic,496667.86,2111825.08,2276.7,POINT (496667.86 2111825.08)
0.0,Paleogene_Volcanic,498294.85,2111825.08,505.97,POINT (498294.85 2111825.08)
0.0,Neogene_pyro,498294.85,2116825.08,884.26,POINT (498294.85 2116825.08)
0.0,Paleogene_Volcanic,498294.85,2116825.08,-1300.0,POINT (498294.85 2116825.08)
0.0,Cretaceous_limestone,498294.85,2116825.08,-1800.0,POINT (498294.85 2116825.08)
0.0,Neogene_Volcanic,494346.89,2114327.73,-579.22,POINT (494346.89 2114327.73)
0.0,Neogene_pyro,487142.65,2116825.08,884.26,POINT (487142.65 2116825.08)
0.0,Paleogene_Volcanic,487142.65,2116825.08,-1300.0,POINT (487142.65 2116825.08)
0.0,Neogene_Volcanic,487142.65,2116825.08,-579.22,POINT (487142.65 2116825.08)
0.0,Quaternary_volcanic,487142.65,2116825.08,1439.89,POINT (487142.65 2116825.08)
0.0,Paleogene_Volcanic,494974.33,2116825.08,-1300.0,POINT (494974.33 2116825.08)
0.0,Neogene_Volcanic,494974.33,2116825.08,-579.22,POINT (494974.33 2116825.08)
0.0,Neogene_pyro,494974.33,2116825.08,884.26,POINT (494974.33 2116825.08)
0.0,Quaternary_volcanic,494974.33,2116825.08,1439.89,POINT (494974.33 2116825.08)
0.0,Neogene_Volcanic,495373.92,2118415.5,-579.22,POINT (495373.92 2118415.5)
0.0,Quaternary_volcanic,495380.37,2118441.16,1439.89,POINT (495380.37 2118441.16)
0.0,Paleogene_Volcanic,495391.43,2118485.22,-1300.0,POINT (495391.43 2118485.22)
0.0,Paleogene_Volcanic,495454.55,2118736.41,-1300.0,POINT (495454.55 2118736.41)
0.0,Neogene_pyro,495473.8,2118813.04,884.26,POINT (495473.8 2118813.04)
0.0,Quaternary_volcanic,495478.71,2118832.58,1439.89,POINT (495478.71 2118832.58)
0.0,Cretaceous_limestone,495503.27,2118930.34,-1300.0,POINT (495503.27 2118930.34)
0.0,Paleogene_Volcanic,495503.83,2118932.59,-1236.14,POINT (495503.83 2118932.59)
0.0,Neogene_Volcanic,495510.7,2118959.94,-458.26,POINT (495510.7 2118959.94)
0.0,F11,495515.23,2118977.96,2814.5,POINT (495515.23 2118977.96)
0.0,Neogene_pyro,495523.61,2119011.29,1002.24,POINT (495523.61 2119011.29)
0.0,Quaternary_volcanic,457999.44,2116843.72,2865.62,POINT (457999.44 2116843.72)
,Quaternary_volcanic,458326.4184999997,2116873.3314999994,2873.0,POINT (458326.4184999997 2116873.3314999994)
0.0,Neogene_Volcanic,457999.44,2117066.25,699.12,POINT (457999.44 2117066.25)
0.0,Neogene_Volcanic,457999.44,2117066.25,699.12,POINT (457999.44 2117066.25)
0.0,Quaternary_volcanic,457999.44,2117198.85,2618.19,POINT (457999.44 2117198.85)
0.0,Paleogene_Volcanic,457999.44,2117459.75,-36.1,POINT (457999.44 2117459.75)
0.0,Paleogene_Volcanic,457999.44,2117459.75,-36.1,POINT (457999.44 2117459.75)
0.0,Neogene_Volcanic,457999.44,2117565.59,699.12,POINT (457999.44 2117565.59)
0.0,Neogene_Volcanic,457999.44,2117565.59,699.12,POINT (457999.44 2117565.59)
0.0,Quaternary_volcanic,457999.44,2117608.95,2380.07,POINT (457999.44 2117608.95)
0.0,Cretaceous_limestone,457999.44,2117812.56,-1792.3,POINT (457999.44 2117812.56)
0.0,Paleogene_Volcanic,457999.44,2117837.83,-36.1,POINT (457999.44 2117837.83)
0.0,Neogene_Volcanic,457999.44,2117848.41,699.12,POINT (457999.44 2117848.41)
0.0,Quaternary_volcanic,457999.44,2117871.71,2318.24,POINT (457999.44 2117871.71)
,F11,457999.44,2117979.45,2855.0,POINT (457999.44 2117979.45)
0.0,Cretaceous_limestone,457999.44,2118012.58,-1792.47,POINT (457999.44 2118012.58)
0.0,Paleogene_Volcanic,457999.44,2118037.85,-36.1,POINT (457999.44 2118037.85)
,Quaternary_volcanic,460197.7287999997,2118044.727,2987.0,POINT (460197.7287999997 2118044.727)
0.0,Neogene_Volcanic,457999.44,2118048.43,699.12,POINT (457999.44 2118048.43)
0.0,Quaternary_volcanic,457999.44,2118071.06,2271.34,POINT (457999.44 2118071.06)
0.0,Neogene_pyro,470794.16,2116825.08,1837.01,POINT (470794.16 2116825.08)
,Quaternary_volcanic,466249.5686999997,2117182.103700001,3481.0,POINT (466249.5686999997 2117182.103700001)
,Quaternary_volcanic,461713.0919000004,2117508.332699999,3166.0,POINT (461713.0919000004 2117508.332699999)
,Quaternary_volcanic,463112.0696000001,2118000.397399999,3373.0,POINT (463112.0696000001 2118000.397399999)
,Quaternary_volcanic,464173.7218000004,2118425.7682000007,3500.0,POINT (464173.7218000004 2118425.7682000007)
,Quaternary_volcanic,469279.45330000017,2119004.5059,3229.0,POINT (469279.45330000017 2119004.5059)
,Quaternary_volcanic,470141.9901999999,2120132.3366,3291.0,POINT (470141.9901999999 2120132.3366)
,Quaternary_volcanic,467229.1231000004,2120848.7883,3563.0,POINT (467229.1231000004 2120848.7883)
0.0,Quaternary_volcanic,467689.29,2121825.08,3594.76,POINT (467689.29 2121825.08)
0.0,Quaternary_volcanic,467480.9,2121825.08,2809.35,POINT (467480.9 2121825.08)
0.0,Quaternary_volcanic,457999.44,2118283.64,2221.32,POINT (457999.44 2118283.64)
0.0,Quaternary_volcanic,457999.44,2118283.64,2221.32,POINT (457999.44 2118283.64)
0.0,Quaternary_volcanic,457999.44,2120373.85,2102.25,POINT (457999.44 2120373.85)
0.0,Quaternary_volcanic,457999.44,2121646.76,2120.2,POINT (457999.44 2121646.76)
0.0,Quaternary_volcanic,457999.44,2121659.46,2121.43,POINT (457999.44 2121659.46)
0.0,Cretaceous_limestone,460806.67,2121825.08,-1499.86,POINT (460806.67 2121825.08)
0.0,Neogene_Volcanic,460794.85,2121825.08,699.12,POINT (460794.85 2121825.08)
0.0,Quaternary_volcanic,460794.85,2121825.08,2121.43,POINT (460794.85 2121825.08)
0.0,Paleogene_Volcanic,460794.85,2121825.08,-36.1,POINT (460794.85 2121825.08)
0.0,Quaternary_volcanic,457999.44,2121957.91,2121.43,POINT (457999.44 2121957.91)
0.0,Quaternary_volcanic,468988.24,2121825.08,3530.7,POINT (468988.24 2121825.08)
0.0,Quaternary_volcanic,469359.44,2121825.08,3100.39,POINT (469359.44 2121825.08)
0.0,Quaternary_volcanic,461501.3,2121825.08,2174.35,POINT (461501.3 2121825.08)
0.0,Neogene_pyro,470946.95,2121825.08,2121.43,POINT (470946.95 2121825.08)
0.0,Quaternary_volcanic,462215.68,2121825.08,2333.1,POINT (462215.68 2121825.08)
0.0,Quaternary_volcanic,470206.11,2121825.08,2624.14,POINT (470206.11 2121825.08)
0.0,Quaternary_volcanic,463088.81,2121825.08,2306.64,POINT (463088.81 2121825.08)
0.0,Quaternary_volcanic,463565.06,2121825.08,2227.27,POINT (463565.06 2121825.08)
0.0,Neogene_pyro,470308.68,2121825.08,2608.83,POINT (470308.68 2121825.08)
0.0,Quaternary_volcanic,464887.98,2121825.08,2306.64,POINT (464887.98 2121825.08)
0.0,Quaternary_volcanic,477455.71,2121825.08,1830.39,POINT (477455.71 2121825.08)
0.0,Neogene_pyro,477693.83,2121825.08,1248.31,POINT (477693.83 2121825.08)
0.0,Quaternary_volcanic,478778.63,2121825.08,1698.1,POINT (478778.63 2121825.08)
0.0,Neogene_pyro,479096.13,2121825.08,1142.47,POINT (479096.13 2121825.08)
0.0,Quaternary_volcanic,479916.34,2121825.08,1645.18,POINT (479916.34 2121825.08)
0.0,Quaternary_volcanic,480862.84,2121825.08,1569.69,POINT (480862.84 2121825.08)
0.0,Neogene_Volcanic,471486.84,2121825.08,699.12,POINT (471486.84 2121825.08)
0.0,Paleogene_Volcanic,471489.99,2121825.08,-36.1,POINT (471489.99 2121825.08)
0.0,Quaternary_volcanic,471978.82,2121825.08,2359.56,POINT (471978.82 2121825.08)
0.0,Neogene_pyro,471978.82,2121825.08,1909.77,POINT (471978.82 2121825.08)
0.0,Quaternary_volcanic,466078.6,2121825.08,2386.02,POINT (466078.6 2121825.08)
0.0,Quaternary_volcanic,467004.65,2121825.08,2624.14,POINT (467004.65 2121825.08)
,Quaternary_volcanic,465861.1365,2122108.3584000003,3537.0,POINT (465861.1365 2122108.3584000003)
,Quaternary_volcanic,468567.6824000003,2122409.8748000003,3577.0,POINT (468567.6824000003 2122409.8748000003)
,Quaternary_volcanic,467529.7467999999,2122663.4246999994,3596.0,POINT (467529.7467999999 2122663.4246999994)
,Quaternary_volcanic,463411.4156,2122811.9639,3343.0,POINT (463411.4156 2122811.9639)
,Quaternary_volcanic,469094.59250000026,2123057.6493999995,3474.0,POINT (469094.59250000026 2123057.6493999995)
,Quaternary_volcanic,466942.2719999999,2124239.9372000005,3696.0,POINT (466942.2719999999 2124239.9372000005)
,Quaternary_volcanic,463981.2758999998,2125050.1450999994,3383.0,POINT (463981.2758999998 2125050.1450999994)
,Quaternary_volcanic,468928.3715000004,2125146.4935,3512.0,POINT (468928.3715000004 2125146.4935)
0.0,Quaternary_volcanic,457999.44,2122741.88,2102.25,POINT (457999.44 2122741.88)
0.0,Quaternary_volcanic,457999.44,2123429.8,2234.55,POINT (457999.44 2123429.8)
0.0,Quaternary_volcanic,457999.44,2124183.86,2380.07,POINT (457999.44 2124183.86)
0.0,Cretaceous_limestone,457999.44,2125030.84,-1798.45,POINT (457999.44 2125030.84)
0.0,Paleogene_Volcanic,457999.44,2125106.61,-36.1,POINT (457999.44 2125106.61)
0.0,Quaternary_volcanic,457999.44,2125136.36,2565.28,POINT (457999.44 2125136.36)
0.0,Neogene_Volcanic,457999.44,2125138.22,699.12,POINT (457999.44 2125138.22)
0.0,Quaternary_volcanic,457999.44,2125218.91,2576.18,POINT (457999.44 2125218.91)
0.0,Cretaceous_limestone,457999.44,2125231.02,-1798.62,POINT (457999.44 2125231.02)
0.0,Paleogene_Volcanic,457999.44,2125306.79,-36.1,POINT (457999.44 2125306.79)
,Quaternary_volcanic,472293.8801999996,2122255.584100001,3375.0,POINT (472293.8801999996 2122255.584100001)
,Quaternary_volcanic,474851.5401999997,2123702.9448000006,3285.0,POINT (474851.5401999997 2123702.9448000006)
,Quaternary_volcanic,470971.3936999999,2125111.002800001,3407.0,POINT (470971.3936999999 2125111.002800001)
,Quaternary_volcanic,475711.4324000003,2125169.8235,3026.0,POINT (475711.4324000003 2125169.8235)
,Quaternary_volcanic,474219.9028000003,2125611.68,3145.0,POINT (474219.9028000003 2125611.68)
,Quaternary_volcanic,475335.33380000014,2125938.4332,2997.0,POINT (475335.33380000014 2125938.4332)
,Quaternary_volcanic,471857.73199999984,2126446.543299999,3289.0,POINT (471857.73199999984 2126446.543299999)
0.0,Quaternary_volcanic,472103.47,2126825.08,3234.63,POINT (472103.47 2126825.08)
0.0,Quaternary_volcanic,472085.75,2126825.08,3242.91,POINT (472085.75 2126825.08)
0.0,Neogene_pyro,475571.27,2126825.08,2151.26,POINT (475571.27 2126825.08)
,XoF,457999.44,2125332.71,2895.0,POINT (457999.44 2125332.71)
0.0,Neogene_Volcanic,457999.44,2125338.4,699.12,POINT (457999.44 2125338.4)
0.0,Quaternary_volcanic,457999.44,2125420.24,2602.77,POINT (457999.44 2125420.24)
0.0,Paleogene_Volcanic,457999.44,2125561.5,-36.1,POINT (457999.44 2125561.5)
0.0,Paleogene_Volcanic,457999.44,2125561.5,-36.1,POINT (457999.44 2125561.5)
0.0,Quaternary_volcanic,457999.44,2125589.95,2625.18,POINT (457999.44 2125589.95)
0.0,Quaternary_volcanic,457999.44,2125589.95,2625.18,POINT (457999.44 2125589.95)
0.0,Neogene_Volcanic,457999.44,2125628.56,699.12,POINT (457999.44 2125628.56)
0.0,Neogene_Volcanic,457999.44,2125628.56,699.12,POINT (457999.44 2125628.56)
0.0,Quaternary_volcanic,457999.44,2125837.51,2657.88,POINT (457999.44 2125837.51)
0.0,Neogene_Volcanic,481114.28,2116825.08,-579.22,POINT (481114.28 2116825.08)
0.0,Quaternary_volcanic,475159.8,2116825.08,1942.84,POINT (475159.8 2116825.08)
0.0,Neogene_pyro,473381.12,2116825.08,1592.27,POINT (473381.12 2116825.08)
0.0,Paleogene_Volcanic,481131.44,2116825.08,-1300.0,POINT (481131.44 2116825.08)
0.0,Neogene_Volcanic,471486.84,2116825.08,699.12,POINT (471486.84 2116825.08)
0.0,Quaternary_volcanic,485739.67,2116825.08,1439.89,POINT (485739.67 2116825.08)
0.0,Quaternary_volcanic,475127.37,2121825.08,1989.14,POINT (475127.37 2121825.08)
0.0,Quaternary_volcanic,476132.79,2121825.08,2015.6,POINT (476132.79 2121825.08)
0.0,Quaternary_volcanic,486767.24,2121825.08,1515.92,POINT (486767.24 2121825.08)
0.0,Neogene_pyro,476265.08,2121825.08,1301.22,POINT (476265.08 2121825.08)
0.0,Paleogene_Volcanic,498294.85,2116825.08,-1300.0,POINT (498294.85 2116825.08)
0.0,Quaternary_volcanic,498294.85,2116825.08,1439.89,POINT (498294.85 2116825.08)
0.0,Quaternary_volcanic,498294.85,2116825.08,1439.89,POINT (498294.85 2116825.08)
0.0,Neogene_Volcanic,498294.85,2116825.08,-579.22,POINT (498294.85 2116825.08)
0.0,Cretaceous_limestone,498294.85,2116825.08,-1800.0,POINT (498294.85 2116825.08)
0.0,Neogene_pyro,498294.85,2116825.08,884.26,POINT (498294.85 2116825.08)
0.0,Neogene_Volcanic,498294.85,2116825.08,-579.22,POINT (498294.85 2116825.08)
0.0,Paleogene_Volcanic,496230.55,2121825.08,-1236.14,POINT (496230.55 2121825.08)
0.0,Quaternary_volcanic,496230.55,2121825.08,1515.92,POINT (496230.55 2121825.08)
0.0,Neogene_Volcanic,496230.55,2121825.08,-458.26,POINT (496230.55 2121825.08)
0.0,Quaternary_volcanic,473354.66,2121825.08,2121.43,POINT (473354.66 2121825.08)
0.0,Paleogene_Volcanic,481515.29,2121825.08,-1236.14,POINT (481515.29 2121825.08)
0.0,Neogene_Volcanic,481521.41,2121825.08,-458.26,POINT (481521.41 2121825.08)
0.0,Neogene_pyro,481532.91,2121825.08,1002.24,POINT (481532.91 2121825.08)
0.0,Quaternary_volcanic,481536.96,2121825.08,1515.92,POINT (481536.96 2121825.08)
0.0,Neogene_pyro,473381.12,2121825.08,1592.27,POINT (473381.12 2121825.08)
0.0,Neogene_pyro,474001.18,2121825.08,1534.85,POINT (474001.18 2121825.08)
0.0,Quaternary_volcanic,474465.91,2121825.08,2121.43,POINT (474465.91 2121825.08)
0.0,Neogene_pyro,474809.87,2121825.08,1459.97,POINT (474809.87 2121825.08)
0.0,Neogene_pyro,486502.66,2121825.08,1002.24,POINT (486502.66 2121825.08)
0.0,Neogene_pyro,496230.55,2121825.08,1002.24,POINT (496230.55 2121825.08)
0.0,Neogene_Volcanic,498294.85,2121825.08,-458.26,POINT (498294.85 2121825.08)
0.0,Quaternary_volcanic,498294.85,2121825.08,1515.92,POINT (498294.85 2121825.08)
0.0,Neogene_pyro,498294.85,2121825.08,1002.24,POINT (498294.85 2121825.08)
0.0,Paleogene_Volcanic,498786.47,2121825.08,-1236.14,POINT (498786.47 2121825.08)
0.0,Paleogene_Volcanic,498276.64,2121825.08,-1236.14,POINT (498276.64 2121825.08)
0.0,Neogene_Volcanic,498294.85,2121825.08,-458.26,POINT (498294.85 2121825.08)
0.0,Cretaceous_limestone,498294.85,2121825.08,-1499.86,POINT (498294.85 2121825.08)
0.0,Paleogene_Volcanic,498294.85,2121825.08,-1236.14,POINT (498294.85 2121825.08)
0.0,Cretaceous_limestone,498294.85,2121825.08,-1499.86,POINT (498294.85 2121825.08)
0.0,Neogene_pyro,498294.85,2121825.08,1002.24,POINT (498294.85 2121825.08)
0.0,Paleogene_Volcanic,498294.85,2121825.08,-1236.14,POINT (498294.85 2121825.08)
0.0,Quaternary_volcanic,498294.85,2121825.08,1515.92,POINT (498294.85 2121825.08)
0.0,Neogene_pyro,496507.75,2122928.38,1002.24,POINT (496507.75 2122928.38)
0.0,Paleogene_Volcanic,496507.91,2122929.0,-1236.14,POINT (496507.91 2122929)
0.0,Neogene_Volcanic,496525.63,2122999.56,-458.26,POINT (496525.63 2122999.56)
0.0,Cretaceous_limestone,496540.36,2123058.17,-1300.0,POINT (496540.36 2123058.17)
0.0,Paleogene_Volcanic,496541.84,2123064.04,-1236.14,POINT (496541.84 2123064.04)
0.0,Neogene_Volcanic,496561.47,2123142.2,-458.26,POINT (496561.47 2123142.2)
0.0,Neogene_pyro,496565.34,2123157.58,1002.24,POINT (496565.34 2123157.58)
0.0,Quaternary_volcanic,495528.14,2119029.35,1515.92,POINT (495528.14 2119029.35)
0.0,Paleogene_Volcanic,495552.61,2119126.74,-1236.14,POINT (495552.61 2119126.74)
0.0,Quaternary_volcanic,495645.06,2119494.71,1515.92,POINT (495645.06 2119494.71)
0.0,Neogene_pyro,495656.67,2119540.9,1002.24,POINT (495656.67 2119540.9)
0.0,Neogene_Volcanic,495660.54,2119556.3,-458.26,POINT (495660.54 2119556.3)
0.0,Neogene_pyro,496178.95,2121619.68,1002.24,POINT (496178.95 2121619.68)
0.0,Neogene_pyro,488963.29,2121825.08,1002.24,POINT (488963.29 2121825.08)
0.0,Neogene_Volcanic,491799.25,2121825.08,-458.26,POINT (491799.25 2121825.08)
0.0,Quaternary_volcanic,489677.67,2121825.08,1515.92,POINT (489677.67 2121825.08)
0.0,Neogene_pyro,495080.11,2126825.08,1534.85,POINT (495080.11 2126825.08)
0.0,Quaternary_volcanic,496583.9,2123231.49,1515.92,POINT (496583.9 2123231.49)
0.0,Cretaceous_limestone,496589.22,2123252.64,-1300.0,POINT (496589.22 2123252.64)
0.0,Neogene_pyro,496598.34,2123288.96,1002.24,POINT (496598.34 2123288.96)
0.0,Quaternary_volcanic,496611.31,2123340.57,1515.92,POINT (496611.31 2123340.57)
0.0,Paleogene_Volcanic,496635.31,2123436.09,525.79,POINT (496635.31 2123436.09)
0.0,Neogene_Volcanic,496645.16,2123475.28,915.79,POINT (496645.16 2123475.28)
0.0,Neogene_pyro,496657.78,2123525.52,1415.79,POINT (496657.78 2123525.52)
0.0,XoF,496659.1,2123530.78,2438.51,POINT (496659.1 2123530.78)
0.0,Quaternary_volcanic,496665.35,2123555.66,1715.79,POINT (496665.35 2123555.66)
0.0,Quaternary_volcanic,496682.32,2123623.21,1715.79,POINT (496682.32 2123623.21)
0.0,Paleogene_Volcanic,496684.48,2123631.8,525.79,POINT (496684.48 2123631.8)
0.0,Neogene_Volcanic,496690.67,2123656.43,915.79,POINT (496690.67 2123656.43)
0.0,Neogene_pyro,496693.76,2123668.75,1415.79,POINT (496693.76 2123668.75)
0.0,Cretaceous_limestone,497256.51,2125908.6,-1300.0,POINT (497256.51 2125908.6)
0.0,Paleogene_Volcanic,497256.99,2125910.48,525.79,POINT (497256.99 2125910.48)
0.0,Neogene_pyro,497275.55,2125984.38,1415.79,POINT (497275.55 2125984.38)
0.0,Neogene_Volcanic,497277.1,2125990.54,915.79,POINT (497277.1 2125990.54)
0.0,Quaternary_volcanic,497281.64,2126008.63,1715.79,POINT (497281.64 2126008.63)
0.0,Paleogene_Volcanic,497292.69,2126052.61,525.79,POINT (497292.69 2126052.61)
0.0,Neogene_Volcanic,497300.44,2126083.45,915.79,POINT (497300.44 2126083.45)
0.0,Cretaceous_limestone,497305.31,2126102.83,-1300.0,POINT (497305.31 2126102.83)
0.0,Neogene_pyro,497310.38,2126123.0,1415.79,POINT (497310.38 2126123)
0.0,Quaternary_volcanic,497316.34,2126146.72,1715.79,POINT (497316.34 2126146.72)
0.0,Paleogene_Volcanic,497343.96,2126256.64,644.85,POINT (497343.96 2126256.64)
0.0,Cretaceous_limestone,497346.7,2126267.57,-1300.0,POINT (497346.7 2126267.57)
0.0,Cretaceous_limestone,497346.7,2126267.57,-1300.0,POINT (497346.7 2126267.57)
0.0,Paleogene_Volcanic,497346.7,2126267.57,644.85,POINT (497346.7 2126267.57)
0.0,Neogene_Volcanic,497351.71,2126287.49,1034.85,POINT (497351.71 2126287.49)
0.0,XiF,497357.23,2126309.46,2543.07,POINT (497357.23 2126309.46)
0.0,Neogene_pyro,497361.64,2126327.03,1534.85,POINT (497361.64 2126327.03)
0.0,Quaternary_volcanic,497367.6,2126350.76,1834.85,POINT (497367.6 2126350.76)
0.0,Quaternary_volcanic,497371.9,2126367.88,1834.85,POINT (497371.9 2126367.88)
0.0,Neogene_pyro,498294.85,2126825.08,1534.85,POINT (498294.85 2126825.08)
0.0,Paleogene_Volcanic,497486.76,2126825.08,644.85,POINT (497486.76 2126825.08)
0.0,Cretaceous_limestone,498294.85,2126825.08,-1000.0,POINT (498294.85 2126825.08)
0.0,Quaternary_volcanic,497486.76,2126825.08,1834.85,POINT (497486.76 2126825.08)
0.0,Neogene_Volcanic,497486.76,2126825.08,1034.85,POINT (497486.76 2126825.08)
0.0,Paleogene_Volcanic,498294.85,2126825.08,644.85,POINT (498294.85 2126825.08)
0.0,Quaternary_volcanic,498294.85,2126825.08,1834.85,POINT (498294.85 2126825.08)
0.0,Paleogene_Volcanic,498294.85,2126825.08,644.85,POINT (498294.85 2126825.08)
,Quaternary_volcanic,462194.9852999998,2126009.884400001,3383.0,POINT (462194.9852999998 2126009.884400001)
0.0,Neogene_Volcanic,466414.28,2126825.08,699.12,POINT (466414.28 2126825.08)
0.0,Neogene_Volcanic,466414.28,2126825.08,699.12,POINT (466414.28 2126825.08)
0.0,Quaternary_volcanic,462493.47,2126825.08,3313.68,POINT (462493.47 2126825.08)
0.0,Neogene_Volcanic,470098.34,2126825.08,699.12,POINT (470098.34 2126825.08)
0.0,Quaternary_volcanic,462385.45,2126825.08,3037.96,POINT (462385.45 2126825.08)
0.0,Quaternary_volcanic,462060.01,2126825.08,2918.89,POINT (462060.01 2126825.08)
0.0,Quaternary_volcanic,461528.57,2126825.08,2780.0,POINT (461528.57 2126825.08)
0.0,Neogene_Volcanic,467460.7,2126825.08,699.12,POINT (467460.7 2126825.08)
0.0,Quaternary_volcanic,461104.71,2126825.08,2780.0,POINT (461104.71 2126825.08)
0.0,Cretaceous_limestone,457999.44,2126559.64,-1799.76,POINT (457999.44 2126559.64)
0.0,Paleogene_Volcanic,457999.44,2126623.17,-36.1,POINT (457999.44 2126623.17)
0.0,Neogene_Volcanic,457999.44,2126649.65,699.12,POINT (457999.44 2126649.65)
0.0,Quaternary_volcanic,457999.44,2126724.09,2765.56,POINT (457999.44 2126724.09)
0.0,Cretaceous_limestone,457999.44,2126759.76,-1799.93,POINT (457999.44 2126759.76)
0.0,Paleogene_Volcanic,457999.44,2126823.3,-36.1,POINT (457999.44 2126823.3)
0.0,Quaternary_volcanic,460794.85,2126825.08,2780.0,POINT (460794.85 2126825.08)
0.0,Cretaceous_limestone,460794.85,2126825.08,-1000.0,POINT (460794.85 2126825.08)
0.0,Paleogene_Volcanic,460794.85,2126825.08,-36.1,POINT (460794.85 2126825.08)
0.0,Neogene_Volcanic,460794.85,2126825.08,699.12,POINT (460794.85 2126825.08)
0.0,Neogene_Volcanic,469706.52,2126825.08,699.12,POINT (469706.52 2126825.08)
0.0,Neogene_Volcanic,467460.7,2126825.08,699.12,POINT (467460.7 2126825.08)
0.0,Paleogene_Volcanic,470018.97,2126825.08,-36.1,POINT (470018.97 2126825.08)
0.0,Paleogene_Volcanic,470018.97,2126825.08,-36.1,POINT (470018.97 2126825.08)
0.0,Cretaceous_limestone,467374.72,2126825.08,-1000.0,POINT (467374.72 2126825.08)
0.0,Neogene_Volcanic,470098.34,2126825.08,699.12,POINT (470098.34 2126825.08)
0.0,Cretaceous_limestone,466751.62,2126825.08,-1000.0,POINT (466751.62 2126825.08)
0.0,Cretaceous_limestone,466751.62,2126825.08,-1000.0,POINT (466751.62 2126825.08)
0.0,Paleogene_Volcanic,467586.38,2126825.08,-36.1,POINT (467586.38 2126825.08)
0.0,Paleogene_Volcanic,467586.38,2126825.08,-36.1,POINT (467586.38 2126825.08)
,XiF,457999.44,2126827.48,2858.0,POINT (457999.44 2126827.48)
0.0,Cretaceous_limestone,457999.44,2126843.02,-1800.0,POINT (457999.44 2126843.02)
0.0,Paleogene_Volcanic,457999.44,2126843.02,-36.1,POINT (457999.44 2126843.02)
0.0,Neogene_Volcanic,457999.44,2126843.03,1135.28,POINT (457999.44 2126843.03)
0.0,Cretaceous_limestone,457999.44,2126843.03,-1000.0,POINT (457999.44 2126843.03)
0.0,Quaternary_volcanic,457999.44,2126843.03,2780.0,POINT (457999.44 2126843.03)
0.0,Paleogene_Volcanic,457999.44,2126843.03,-35.42,POINT (457999.44 2126843.03)
0.0,Paleogene_Volcanic,466467.19,2126825.08,-36.1,POINT (466467.19 2126825.08)
0.0,Cretaceous_limestone,470392.03,2126825.08,-1000.0,POINT (470392.03 2126825.08)
0.0,Cretaceous_limestone,470392.03,2126825.08,-1000.0,POINT (470392.03 2126825.08)
0.0,Cretaceous_limestone,467374.72,2126825.08,-1000.0,POINT (467374.72 2126825.08)
0.0,Paleogene_Volcanic,466467.19,2126825.08,-36.1,POINT (466467.19 2126825.08)
,Quaternary_volcanic,462423.68649999984,2126858.5283000004,3300.0,POINT (462423.68649999984 2126858.5283000004)
,Quaternary_volcanic,461299.77919999976,2127307.0177,3130.0,POINT (461299.77919999976 2127307.0177)
0.0,Neogene_Volcanic,477410.22,2126825.08,699.12,POINT (477410.22 2126825.08)
0.0,Quaternary_volcanic,475151.62,2126825.08,2164.67,POINT (475151.62 2126825.08)
0.0,Neogene_pyro,478951.29,2126825.08,1825.16,POINT (478951.29 2126825.08)
0.0,Neogene_pyro,476206.1,2126825.08,1905.22,POINT (476206.1 2126825.08)
0.0,Quaternary_volcanic,473828.7,2126825.08,2429.25,POINT (473828.7 2126825.08)
0.0,Paleogene_Volcanic,476246.08,2126825.08,-36.1,POINT (476246.08 2126825.08)
0.0,Quaternary_volcanic,483785.69,2126825.08,1888.82,POINT (483785.69 2126825.08)
0.0,Neogene_pyro,483856.67,2126825.08,1666.41,POINT (483856.67 2126825.08)
0.0,Quaternary_volcanic,473034.95,2126825.08,2799.67,POINT (473034.95 2126825.08)
0.0,Paleogene_Volcanic,485210.75,2126825.08,57.2,POINT (485210.75 2126825.08)
0.0,Quaternary_volcanic,488970.69,2126825.08,1834.85,POINT (488970.69 2126825.08)
0.0,Paleogene_Volcanic,490714.09,2126825.08,644.85,POINT (490714.09 2126825.08)
0.0,Neogene_pyro,490664.87,2126825.08,1534.85,POINT (490664.87 2126825.08)
0.0,Neogene_pyro,489160.05,2126825.08,1534.85,POINT (489160.05 2126825.08)
0.0,Quaternary_volcanic,487829.67,2126825.08,1834.85,POINT (487829.67 2126825.08)
0.0,Paleogene_Volcanic,491874.25,2126825.08,644.85,POINT (491874.25 2126825.08)
0.0,Paleogene_Volcanic,491874.25,2126825.08,644.85,POINT (491874.25 2126825.08)
0.0,Neogene_pyro,491751.22,2126825.08,1534.85,POINT (491751.22 2126825.08)
0.0,Quaternary_volcanic,491751.22,2126825.08,1834.85,POINT (491751.22 2126825.08)
0.0,Neogene_pyro,491751.22,2126825.08,1534.85,POINT (491751.22 2126825.08)
0.0,Quaternary_volcanic,491751.22,2126825.08,1834.85,POINT (491751.22 2126825.08)
0.0,Quaternary_volcanic,494550.94,2126825.08,1834.85,POINT (494550.94 2126825.08)
0.0,Neogene_Volcanic,491526.33,2126825.08,1034.85,POINT (491526.33 2126825.08)
0.0,Neogene_Volcanic,491526.33,2126825.08,1034.85,POINT (491526.33 2126825.08)
0.0,Cretaceous_limestone,491128.13,2126825.08,-1000.0,POINT (491128.13 2126825.08)
0.0,Cretaceous_limestone,491128.13,2126825.08,-1000.0,POINT (491128.13 2126825.08)
0.0,Quaternary_volcanic,490780.62,2126825.08,1834.85,POINT (490780.62 2126825.08)
0.0,Quaternary_volcanic,485474.94,2126825.08,1834.85,POINT (485474.94 2126825.08)
0.0,Neogene_pyro,485474.94,2126825.08,1534.85,POINT (485474.94 2126825.08)
0.0,Neogene_Volcanic,485474.94,2126825.08,1034.85,POINT (485474.94 2126825.08)
0.0,Paleogene_Volcanic,476923.42,2126825.08,-36.1,POINT (476923.42 2126825.08)
0.0,Quaternary_volcanic,486646.5,2126825.08,1834.85,POINT (486646.5 2126825.08)
0.0,Paleogene_Volcanic,483702.62,2126825.08,57.2,POINT (483702.62 2126825.08)
,Quaternary_volcanic,472955.9113999996,2127361.945800001,3080.0,POINT (472955.9113999996 2127361.945800001)
0.0,Neogene_pyro,498294.85,2126825.08,1534.85,POINT (498294.85 2126825.08)
0.0,Neogene_Volcanic,498294.85,2126825.08,1034.85,POINT (498294.85 2126825.08)
0.0,Neogene_Volcanic,498294.85,2126825.08,1034.85,POINT (498294.85 2126825.08)
0.0,Cretaceous_limestone,498294.85,2126825.08,-1000.0,POINT (498294.85 2126825.08)
0.0,Neogene_pyro,497486.76,2126825.08,1534.85,POINT (497486.76 2126825.08)
0.0,Quaternary_volcanic,498294.85,2126825.08,1834.85,POINT (498294.85 2126825.08)
,Quaternary_alluvial,499414.4956033678,2127584.637435901,2269.0,POINT (499414.4956033678 2127584.637435901)
